day, numberOfAnimals, numberOfGrass, numberOfEmptyTiles, averageEnergyLevel, averageLifeLength, strongestGenes, 
2, 16, 42, 1558, 18, 0, 2 7 6 4 2 1 6 6 4 7 7 1 4 3 0 1 4 2 3 0 3 0 
3, 16, 56, 1544, 18, 0, 2 7 6 4 2 1 6 6 4 7 7 1 4 3 0 1 4 2 3 0 3 0 
4, 16, 70, 1530, 17, 0, 2 7 6 4 2 1 6 6 4 7 7 1 4 3 0 1 4 2 3 0 3 0 
5, 16, 85, 1515, 16, 0, 2 7 6 4 2 1 6 6 4 7 7 1 4 3 0 1 4 2 3 0 3 0 
6, 16, 100, 1500, 21, 0, 2 7 6 4 2 1 6 6 4 7 7 1 4 3 0 1 4 2 3 0 3 0 
7, 16, 113, 1487, 15, 0, 2 7 6 4 2 1 6 6 4 7 7 1 4 3 0 1 4 2 3 0 3 0 
8, 17, 128, 1472, 18, 0, 2 7 6 4 2 1 6 6 4 7 7 1 4 3 0 1 4 2 3 0 3 0 
9, 18, 142, 1458, 12, 0, 2 7 6 4 2 1 6 6 4 7 7 1 4 3 0 1 4 2 3 0 3 0 
10, 18, 153, 1447, 12, 0, 2 7 6 4 2 1 6 6 4 7 7 1 4 3 0 1 4 2 3 0 3 0 
11, 17, 167, 1433, 12, 0, 2 7 6 4 2 1 6 6 4 7 7 1 4 3 0 1 4 2 3 0 3 0 
12, 17, 179, 1421, 11, 10, 2 7 6 4 2 1 6 6 4 7 7 1 4 3 0 1 4 2 3 0 3 0 
13, 18, 192, 1408, 10, 10, 2 7 6 4 2 1 6 6 4 7 7 1 4 3 0 1 4 2 3 0 3 0 
14, 18, 206, 1394, 10, 10, 2 7 6 4 2 1 6 6 4 7 7 1 4 3 0 1 4 2 3 0 3 0 
15, 18, 217, 1383, 9, 10, 2 7 6 4 2 1 6 6 4 7 7 1 4 3 0 1 4 2 3 0 3 0 
16, 18, 228, 1372, 11, 10, 2 7 6 4 2 1 6 6 4 7 7 1 4 3 0 1 4 2 3 0 3 0 
17, 18, 242, 1358, 10, 10, 2 7 6 4 2 1 6 6 4 7 7 1 4 3 0 1 4 2 3 0 3 0 
18, 18, 255, 1345, 21, 10, 2 7 6 4 2 1 6 6 4 7 7 1 4 3 0 1 4 2 3 0 3 0 
19, 18, 268, 1332, 25, 10, 2 7 6 4 2 1 6 6 4 7 7 1 4 3 0 1 4 2 3 0 3 0 
20, 18, 278, 1322, 20, 10, 2 7 6 4 2 1 6 6 4 7 7 1 4 3 0 1 4 2 3 0 3 0 
21, 18, 293, 1307, 28, 10, 2 7 6 4 2 1 6 6 4 7 7 1 4 3 0 1 4 2 3 0 3 0 
22, 18, 304, 1296, 18, 10, 2 7 6 4 2 1 6 6 4 7 7 1 4 3 0 1 4 2 3 0 3 0 
23, 18, 318, 1282, 31, 10, 2 7 6 4 2 1 6 6 4 7 7 1 4 3 0 1 4 2 3 0 3 0 
24, 18, 329, 1271, 17, 10, 2 7 6 4 2 1 6 6 4 7 7 1 4 3 0 1 4 2 3 0 3 0 
25, 18, 341, 1259, 17, 10, 2 7 6 4 2 1 6 6 4 7 7 1 4 3 0 1 4 2 3 0 3 0 
26, 18, 353, 1247, 34, 10, 2 7 6 4 2 1 6 6 4 7 7 1 4 3 0 1 4 2 3 0 3 0 
27, 17, 365, 1235, 35, 10, 2 7 6 4 2 1 6 6 4 7 7 1 4 3 0 1 4 2 3 0 3 0 
28, 17, 377, 1223, 9, 14, 2 7 6 4 2 1 6 6 4 7 7 1 4 3 0 1 4 2 3 0 3 0 
29, 17, 390, 1210, 1, 14, 2 7 6 4 2 1 6 6 4 7 7 1 4 3 0 1 4 2 3 0 3 0 
30, 17, 404, 1196, 34, 14, 2 7 6 4 2 1 6 6 4 7 7 1 4 3 0 1 4 2 3 0 3 0 
31, 17, 418, 1182, 12, 14, 2 7 6 4 2 1 6 6 4 7 7 1 4 3 0 1 4 2 3 0 3 0 
32, 17, 427, 1173, 3, 14, 2 7 6 4 2 1 6 6 4 7 7 1 4 3 0 1 4 2 3 0 3 0 
33, 16, 439, 1161, 11, 14, 2 7 6 4 2 1 6 6 4 7 7 1 4 3 0 1 4 2 3 0 3 0 
34, 16, 449, 1151, 2, 20, 2 7 6 4 2 1 6 6 4 7 7 1 4 3 0 1 4 2 3 0 3 0 
35, 16, 461, 1139, 10, 20, 2 7 6 4 2 1 6 6 4 7 7 1 4 3 0 1 4 2 3 0 3 0 
36, 16, 468, 1132, 1, 20, 2 7 6 4 2 1 6 6 4 7 7 1 4 3 0 1 4 2 3 0 3 0 
37, 16, 479, 1121, 5, 20, 2 7 6 4 2 1 6 6 4 7 7 1 4 3 0 1 4 2 3 0 3 0 
38, 16, 489, 1111, 16, 20, 2 7 6 4 2 1 6 6 4 7 7 1 4 3 0 1 4 2 3 0 3 0 
39, 16, 500, 1100, 15, 20, 2 7 6 4 2 1 6 6 4 7 7 1 4 3 0 1 4 2 3 0 3 0 
40, 17, 513, 1087, 51, 20, 2 7 6 4 2 1 6 6 4 7 7 1 4 3 0 1 4 2 3 0 3 0 
41, 17, 521, 1079, 13, 20, 2 7 6 4 2 1 6 6 4 7 7 1 4 3 0 1 4 2 3 0 3 0 
42, 17, 532, 1068, 50, 20, 2 7 6 4 2 1 6 6 4 7 7 1 4 3 0 1 4 2 3 0 3 0 
