day, numberOfAnimals, numberOfGrass, numberOfEmptyTiles, averageEnergyLevel, averageLifeLength, strongestGenes, 
2, 15, 42, 1558, 20, 0, 5 5 2 7 2 1 4 1 7 5 7 4 2 6 6 1 6 7 7 0 5 2 
3, 15, 56, 1544, 19, 0, 5 5 2 7 2 1 4 1 7 5 7 4 2 6 6 1 6 7 7 0 5 2 
4, 15, 70, 1530, 18, 0, 5 5 2 7 2 1 4 1 7 5 7 4 2 6 6 1 6 7 7 0 5 2 
5, 15, 84, 1516, 18, 0, 5 5 2 7 2 1 4 1 7 5 7 4 2 6 6 1 6 7 7 0 5 2 
6, 15, 98, 1502, 17, 0, 5 5 2 7 2 1 4 1 7 5 7 4 2 6 6 1 6 7 7 0 5 2 
7, 15, 113, 1487, 16, 0, 5 5 2 7 2 1 4 1 7 5 7 4 2 6 6 1 6 7 7 0 5 2 
8, 15, 127, 1473, 16, 0, 5 5 2 7 2 1 4 1 7 5 7 4 2 6 6 1 6 7 7 0 5 2 
9, 15, 141, 1459, 15, 0, 5 5 2 7 2 1 4 1 7 5 7 4 2 6 6 1 6 7 7 0 5 2 
10, 15, 156, 1444, 14, 0, 5 5 2 7 2 1 4 1 7 5 7 4 2 6 6 1 6 7 7 0 5 2 
11, 15, 169, 1431, 19, 0, 5 5 2 7 2 1 4 1 7 5 7 4 2 6 6 1 6 7 7 0 5 2 
12, 15, 182, 1418, 24, 0, 5 5 2 7 2 1 4 1 7 5 7 4 2 6 6 1 6 7 7 0 5 2 
13, 15, 196, 1404, 18, 0, 5 5 2 7 2 1 4 1 7 5 7 4 2 6 6 1 6 7 7 0 5 2 
14, 15, 207, 1393, 22, 0, 5 5 2 7 2 1 4 1 7 5 7 4 2 6 6 1 6 7 7 0 5 2 
15, 15, 220, 1380, 27, 0, 5 5 2 7 2 1 4 1 7 5 7 4 2 6 6 1 6 7 7 0 5 2 
16, 15, 234, 1366, 21, 0, 5 5 2 7 2 1 4 1 7 5 7 4 2 6 6 1 6 7 7 0 5 2 
17, 15, 248, 1352, 20, 0, 5 5 2 7 2 1 4 1 7 5 7 4 2 6 6 1 6 7 7 0 5 2 
18, 15, 262, 1338, 20, 0, 5 5 2 7 2 1 4 1 7 5 7 4 2 6 6 1 6 7 7 0 5 2 
19, 15, 277, 1323, 14, 0, 5 5 2 7 2 1 4 1 7 5 7 4 2 6 6 1 6 7 7 0 5 2 
20, 15, 290, 1310, 18, 0, 5 5 2 7 2 1 4 1 7 5 7 4 2 6 6 1 6 7 7 0 5 2 
21, 15, 304, 1296, 18, 0, 5 5 2 7 2 1 4 1 7 5 7 4 2 6 6 1 6 7 7 0 5 2 
22, 15, 316, 1284, 17, 0, 5 5 2 7 2 1 4 1 7 5 7 4 2 6 6 1 6 7 7 0 5 2 
23, 15, 329, 1271, 16, 0, 5 5 2 7 2 1 4 1 7 5 7 4 2 6 6 1 6 7 7 0 5 2 
24, 15, 343, 1257, 16, 0, 5 5 2 7 2 1 4 1 7 5 7 4 2 6 6 1 6 7 7 0 5 2 
25, 15, 356, 1244, 15, 0, 5 5 2 7 2 1 4 1 7 5 7 4 2 6 6 1 6 7 7 0 5 2 
26, 15, 368, 1232, 14, 0, 5 5 2 7 2 1 4 1 7 5 7 4 2 6 6 1 6 7 7 0 5 2 
27, 15, 379, 1221, 14, 0, 5 5 2 7 2 1 4 1 7 5 7 4 2 6 6 1 6 7 7 0 5 2 
28, 15, 390, 1210, 13, 0, 5 5 2 7 2 1 4 1 7 5 7 4 2 6 6 1 6 7 7 0 5 2 
29, 15, 400, 1200, 18, 0, 5 5 2 7 2 1 4 1 7 5 7 4 2 6 6 1 6 7 7 0 5 2 
30, 15, 413, 1187, 17, 0, 5 5 2 7 2 1 4 1 7 5 7 4 2 6 6 1 6 7 7 0 5 2 
31, 15, 425, 1175, 16, 0, 5 5 2 7 2 1 4 1 7 5 7 4 2 6 6 1 6 7 7 0 5 2 
32, 15, 438, 1162, 16, 0, 5 5 2 7 2 1 4 1 7 5 7 4 2 6 6 1 6 7 7 0 5 2 
33, 15, 451, 1149, 15, 0, 5 5 2 7 2 1 4 1 7 5 7 4 2 6 6 1 6 7 7 0 5 2 
34, 15, 460, 1140, 14, 0, 5 5 2 7 2 1 4 1 7 5 7 4 2 6 6 1 6 7 7 0 5 2 
35, 16, 471, 1129, 13, 0, 5 5 2 7 2 1 4 1 7 5 7 4 2 6 6 1 6 7 7 0 5 2 
36, 16, 483, 1117, 12, 0, 5 5 2 7 2 1 4 1 7 5 7 4 2 6 6 1 6 7 7 0 5 2 
37, 16, 495, 1105, 11, 0, 5 5 2 7 2 1 4 1 7 5 7 4 2 6 6 1 6 7 7 0 5 2 
38, 16, 508, 1092, 16, 0, 5 5 2 7 2 1 4 1 7 5 7 4 2 6 6 1 6 7 7 0 5 2 
39, 16, 517, 1083, 15, 0, 5 5 2 7 2 1 4 1 7 5 7 4 2 6 6 1 6 7 7 0 5 2 
40, 16, 527, 1073, 20, 0, 5 5 2 7 2 1 4 1 7 5 7 4 2 6 6 1 6 7 7 0 5 2 
41, 15, 537, 1063, 26, 0, 5 5 2 7 2 1 4 1 7 5 7 4 2 6 6 1 6 7 7 0 5 2 
42, 15, 549, 1051, 25, 41, 5 5 2 7 2 1 4 1 7 5 7 4 2 6 6 1 6 7 7 0 5 2 
43, 15, 559, 1041, 24, 41, 5 5 2 7 2 1 4 1 7 5 7 4 2 6 6 1 6 7 7 0 5 2 
44, 15, 568, 1032, 24, 41, 5 5 2 7 2 1 4 1 7 5 7 4 2 6 6 1 6 7 7 0 5 2 
45, 16, 579, 1021, 21, 41, 5 5 2 7 2 1 4 1 7 5 7 4 2 6 6 1 6 7 7 0 5 2 
46, 16, 593, 1007, 21, 41, 5 5 2 7 2 1 4 1 7 5 7 4 2 6 6 1 6 7 7 0 5 2 
47, 16, 602, 998, 20, 41, 5 5 2 7 2 1 4 1 7 5 7 4 2 6 6 1 6 7 7 0 5 2 
48, 16, 614, 986, 20, 41, 5 5 2 7 2 1 4 1 7 5 7 4 2 6 6 1 6 7 7 0 5 2 
49, 16, 626, 974, 19, 41, 5 5 2 7 2 1 4 1 7 5 7 4 2 6 6 1 6 7 7 0 5 2 
50, 16, 634, 966, 23, 41, 5 5 2 7 2 1 4 1 7 5 7 4 2 6 6 1 6 7 7 0 5 2 
51, 16, 643, 957, 28, 41, 5 5 2 7 2 1 4 1 7 5 7 4 2 6 6 1 6 7 7 0 5 2 
52, 16, 654, 946, 27, 41, 5 5 2 7 2 1 4 1 7 5 7 4 2 6 6 1 6 7 7 0 5 2 
53, 16, 665, 935, 26, 41, 5 5 2 7 2 1 4 1 7 5 7 4 2 6 6 1 6 7 7 0 5 2 
54, 16, 673, 927, 26, 41, 5 5 2 7 2 1 4 1 7 5 7 4 2 6 6 1 6 7 7 0 5 2 
55, 16, 683, 917, 25, 41, 5 5 2 7 2 1 4 1 7 5 7 4 2 6 6 1 6 7 7 0 5 2 
56, 16, 692, 908, 25, 41, 5 5 2 7 2 1 4 1 7 5 7 4 2 6 6 1 6 7 7 0 5 2 
57, 16, 702, 898, 29, 41, 5 5 2 7 2 1 4 1 7 5 7 4 2 6 6 1 6 7 7 0 5 2 
58, 16, 711, 889, 33, 41, 5 5 2 7 2 1 4 1 7 5 7 4 2 6 6 1 6 7 7 0 5 2 
59, 16, 721, 879, 16, 41, 5 5 2 7 2 1 4 1 7 5 7 4 2 6 6 1 6 7 7 0 5 2 
60, 16, 730, 870, 37, 41, 5 5 2 7 2 1 4 1 7 5 7 4 2 6 6 1 6 7 7 0 5 2 
61, 16, 737, 863, 20, 41, 5 5 2 7 2 1 4 1 7 5 7 4 2 6 6 1 6 7 7 0 5 2 
62, 16, 746, 854, 41, 41, 5 5 2 7 2 1 4 1 7 5 7 4 2 6 6 1 6 7 7 0 5 2 
63, 16, 756, 844, 24, 41, 5 5 2 7 2 1 4 1 7 5 7 4 2 6 6 1 6 7 7 0 5 2 
64, 16, 763, 837, 45, 41, 5 5 2 7 2 1 4 1 7 5 7 4 2 6 6 1 6 7 7 0 5 2 
65, 16, 773, 827, 44, 41, 5 5 2 7 2 1 4 1 7 5 7 4 2 6 6 1 6 7 7 0 5 2 
66, 16, 783, 817, 23, 41, 5 5 2 7 2 1 4 1 7 5 7 4 2 6 6 1 6 7 7 0 5 2 
67, 16, 788, 812, 43, 41, 5 5 2 7 2 1 4 1 7 5 7 4 2 6 6 1 6 7 7 0 5 2 
68, 16, 799, 801, 27, 41, 5 5 2 7 2 1 4 1 7 5 7 4 2 6 6 1 6 7 7 0 5 2 
69, 17, 810, 790, 59, 41, 5 5 2 7 2 1 4 1 7 5 7 4 2 6 6 1 6 7 7 0 5 2 
70, 17, 818, 782, 4, 41, 5 5 2 7 2 1 4 1 7 5 7 4 2 6 6 1 6 7 7 0 5 2 
71, 17, 821, 779, 8, 41, 5 5 2 7 2 1 4 1 7 5 7 4 2 6 6 1 6 7 7 0 5 2 
72, 17, 828, 772, 8, 41, 5 5 2 7 2 1 4 1 7 5 7 4 2 6 6 1 6 7 7 0 5 2 
73, 17, 834, 766, 25, 41, 5 5 2 7 2 1 4 1 7 5 7 4 2 6 6 1 6 7 7 0 5 2 
74, 17, 846, 754, 24, 41, 5 5 2 7 2 1 4 1 7 5 7 4 2 6 6 1 6 7 7 0 5 2 
75, 17, 851, 749, 24, 41, 5 5 2 7 2 1 4 1 7 5 7 4 2 6 6 1 6 7 7 0 5 2 
76, 17, 861, 739, 28, 41, 5 5 2 7 2 1 4 1 7 5 7 4 2 6 6 1 6 7 7 0 5 2 
77, 17, 870, 730, 27, 41, 5 5 2 7 2 1 4 1 7 5 7 4 2 6 6 1 6 7 7 0 5 2 
78, 17, 878, 722, 81, 41, 5 5 2 7 2 1 4 1 7 5 7 4 2 6 6 1 6 7 7 0 5 2 
79, 17, 886, 714, 26, 41, 5 5 2 7 2 1 4 1 7 5 7 4 2 6 6 1 6 7 7 0 5 2 
80, 18, 894, 706, 80, 41, 5 5 2 7 2 1 4 1 7 5 7 4 2 6 6 1 6 7 7 0 5 2 
81, 18, 903, 697, 79, 41, 5 5 2 7 2 1 4 1 7 5 7 4 2 6 6 1 6 7 7 0 5 2 
82, 18, 914, 686, 83, 41, 5 5 2 7 2 1 4 1 7 5 7 4 2 6 6 1 6 7 7 0 5 2 
83, 18, 921, 679, 87, 41, 5 5 2 7 2 1 4 1 7 5 7 4 2 6 6 1 6 7 7 0 5 2 
84, 18, 930, 670, 86, 41, 5 5 2 7 2 1 4 1 7 5 7 4 2 6 6 1 6 7 7 0 5 2 
85, 18, 937, 663, 30, 41, 5 5 2 7 2 1 4 1 7 5 7 4 2 6 6 1 6 7 7 0 5 2 
86, 18, 943, 657, 30, 41, 5 5 2 7 2 1 4 1 7 5 7 4 2 6 6 1 6 7 7 0 5 2 
87, 19, 949, 651, 52, 41, 5 5 2 7 2 1 4 1 7 5 7 4 2 6 6 1 6 7 7 0 5 2 
88, 19, 954, 646, 4, 41, 5 5 2 7 2 1 4 1 7 5 7 4 2 6 6 1 6 7 7 0 5 2 
89, 20, 959, 641, 7, 41, 5 5 2 7 2 1 4 1 7 5 7 4 2 6 6 1 6 7 7 0 5 2 
90, 20, 965, 635, 11, 41, 5 5 2 7 2 1 4 1 7 5 7 4 2 6 6 1 6 7 7 0 5 2 
91, 20, 973, 627, 10, 41, 5 5 2 7 2 1 4 1 7 5 7 4 2 6 6 1 6 7 7 0 5 2 
92, 20, 978, 622, 14, 41, 5 5 2 7 2 1 4 1 7 5 7 4 2 6 6 1 6 7 7 0 5 2 
93, 20, 981, 619, 17, 41, 5 5 2 7 2 1 4 1 7 5 7 4 2 6 6 1 6 7 7 0 5 2 
94, 20, 985, 615, 17, 41, 5 5 2 7 2 1 4 1 7 5 7 4 2 6 6 1 6 7 7 0 5 2 
95, 20, 991, 609, 16, 41, 5 5 2 7 2 1 4 1 7 5 7 4 2 6 6 1 6 7 7 0 5 2 
96, 20, 996, 604, 51, 41, 5 5 2 7 2 1 4 1 7 5 7 4 2 6 6 1 6 7 7 0 5 2 
97, 20, 997, 603, 95, 41, 5 5 2 7 2 1 4 1 7 5 7 4 2 6 6 1 6 7 7 0 5 2 
98, 20, 1003, 597, 99, 41, 5 5 2 7 2 1 4 1 7 5 7 4 2 6 6 1 6 7 7 0 5 2 
99, 20, 1004, 596, 22, 41, 5 5 2 7 2 1 4 1 7 5 7 4 2 6 6 1 6 7 7 0 5 2 
100, 20, 1011, 589, 102, 41, 5 5 2 7 2 1 4 1 7 5 7 4 2 6 6 1 6 7 7 0 5 2 
101, 21, 1015, 585, 96, 41, 5 5 2 7 2 1 4 1 7 5 7 4 2 6 6 1 6 7 7 0 5 2 
102, 21, 1023, 577, 96, 41, 5 5 2 7 2 1 4 1 7 5 7 4 2 6 6 1 6 7 7 0 5 2 
103, 21, 1026, 574, 99, 41, 5 5 2 7 2 1 4 1 7 5 7 4 2 6 6 1 6 7 7 0 5 2 
104, 21, 1031, 569, 102, 41, 5 5 2 7 2 1 4 1 7 5 7 4 2 6 6 1 6 7 7 0 5 2 
105, 22, 1032, 568, 101, 41, 5 5 2 7 2 1 4 1 7 5 7 4 2 6 6 1 6 7 7 0 5 2 
106, 22, 1037, 563, 104, 41, 5 5 2 7 2 1 4 1 7 5 7 4 2 6 6 1 6 7 7 0 5 2 
107, 22, 1039, 561, 31, 41, 5 5 2 7 2 1 4 1 7 5 7 4 2 6 6 1 6 7 7 0 5 2 
108, 23, 1043, 557, 33, 41, 5 5 2 7 2 1 4 1 7 5 7 4 2 6 6 1 6 7 7 0 5 2 
109, 23, 1048, 552, 32, 41, 5 5 2 7 2 1 4 1 7 5 7 4 2 6 6 1 6 7 7 0 5 2 
110, 23, 1052, 548, 35, 41, 5 5 2 7 2 1 4 1 7 5 7 4 2 6 6 1 6 7 7 0 5 2 
111, 25, 1054, 546, 52, 41, 5 5 2 7 2 1 4 1 7 5 7 4 2 6 6 1 6 7 7 0 5 2 
112, 26, 1063, 537, 1, 41, 5 5 2 7 2 1 4 1 7 5 7 4 2 6 6 1 6 7 7 0 5 2 
113, 27, 1067, 533, 1, 41, 5 5 2 7 2 1 4 1 7 5 7 4 2 6 6 1 6 7 7 0 5 2 
114, 27, 1072, 528, 5, 41, 5 5 2 7 2 1 4 1 7 5 7 4 2 6 6 1 6 7 7 0 5 2 
115, 27, 1075, 525, 31, 41, 5 5 2 7 2 1 4 1 7 5 7 4 2 6 6 1 6 7 7 0 5 2 
116, 27, 1076, 524, 34, 41, 5 5 2 7 2 1 4 1 7 5 7 4 2 6 6 1 6 7 7 0 5 2 
117, 27, 1080, 520, 5, 41, 5 5 2 7 2 1 4 1 7 5 7 4 2 6 6 1 6 7 7 0 5 2 
118, 27, 1083, 517, 8, 41, 5 5 2 7 2 1 4 1 7 5 7 4 2 6 6 1 6 7 7 0 5 2 
119, 27, 1084, 516, 33, 41, 5 5 2 7 2 1 4 1 7 5 7 4 2 6 6 1 6 7 7 0 5 2 
120, 27, 1086, 514, 71, 41, 5 5 2 7 2 1 4 1 7 5 7 4 2 6 6 1 6 7 7 0 5 2 
121, 28, 1087, 513, 71, 41, 5 5 2 7 2 1 4 1 7 5 7 4 2 6 6 1 6 7 7 0 5 2 
122, 28, 1087, 513, 30, 41, 5 5 2 7 2 1 4 1 7 5 7 4 2 6 6 1 6 7 7 0 5 2 
123, 28, 1089, 511, 12, 41, 5 5 2 7 2 1 4 1 7 5 7 4 2 6 6 1 6 7 7 0 5 2 
124, 28, 1092, 508, 30, 41, 5 5 2 7 2 1 4 1 7 5 7 4 2 6 6 1 6 7 7 0 5 2 
125, 28, 1090, 510, 78, 41, 5 5 2 7 2 1 4 1 7 5 7 4 2 6 6 1 6 7 7 0 5 2 
126, 28, 1091, 509, 50, 41, 5 5 2 7 2 1 4 1 7 5 7 4 2 6 6 1 6 7 7 0 5 2 
127, 28, 1091, 509, 10, 41, 5 5 2 7 2 1 4 1 7 5 7 4 2 6 6 1 6 7 7 0 5 2 
128, 28, 1092, 508, 52, 41, 5 5 2 7 2 1 4 1 7 5 7 4 2 6 6 1 6 7 7 0 5 2 
129, 28, 1097, 503, 10, 41, 5 5 2 7 2 1 4 1 7 5 7 4 2 6 6 1 6 7 7 0 5 2 
130, 28, 1098, 502, 54, 41, 5 5 2 7 2 1 4 1 7 5 7 4 2 6 6 1 6 7 7 0 5 2 
131, 29, 1102, 498, 47, 41, 5 5 2 7 2 1 4 1 7 5 7 4 2 6 6 1 6 7 7 0 5 2 
132, 29, 1103, 497, 31, 41, 5 5 2 7 2 1 4 1 7 5 7 4 2 6 6 1 6 7 7 0 5 2 
133, 30, 1106, 494, 45, 41, 5 5 2 7 2 1 4 1 7 5 7 4 2 6 6 1 6 7 7 0 5 2 
134, 30, 1110, 490, 43, 41, 5 5 2 7 2 1 4 1 7 5 7 4 2 6 6 1 6 7 7 0 5 2 
135, 30, 1114, 486, 7, 41, 5 5 2 7 2 1 4 1 7 5 7 4 2 6 6 1 6 7 7 0 5 2 
136, 31, 1118, 482, 29, 41, 5 5 2 7 2 1 4 1 7 5 7 4 2 6 6 1 6 7 7 0 5 2 
137, 35, 1122, 478, 39, 41, 5 5 2 7 2 1 4 1 7 5 7 4 2 6 6 1 6 7 7 0 5 2 
138, 37, 1121, 479, 4, 41, 5 5 2 7 2 1 4 1 7 5 7 4 2 6 6 1 6 7 7 0 5 2 
139, 37, 1119, 481, 29, 41, 5 5 2 7 2 1 4 1 7 5 7 4 2 6 6 1 6 7 7 0 5 2 
140, 38, 1125, 475, 36, 41, 5 5 2 7 2 1 4 1 7 5 7 4 2 6 6 1 6 7 7 0 5 2 
141, 39, 1126, 474, 3, 41, 5 5 2 7 2 1 4 1 7 5 7 4 2 6 6 1 6 7 7 0 5 2 
142, 40, 1127, 473, 27, 41, 5 5 2 7 2 1 4 1 7 5 7 4 2 6 6 1 6 7 7 0 5 2 
143, 42, 1127, 473, 33, 41, 5 5 2 7 2 1 4 1 7 5 7 4 2 6 6 1 6 7 7 0 5 2 
144, 43, 1126, 474, 32, 41, 5 5 2 7 2 1 4 1 7 5 7 4 2 6 6 1 6 7 7 0 5 2 
145, 45, 1126, 474, 28, 41, 5 5 2 7 2 1 4 1 7 5 7 4 2 6 6 1 6 7 7 0 5 2 
146, 49, 1128, 472, 2, 41, 5 5 2 7 2 1 4 1 7 5 7 4 2 6 6 1 6 7 7 0 5 2 
147, 50, 1126, 474, 38, 41, 5 5 2 7 2 1 4 1 7 5 7 4 2 6 6 1 6 7 7 0 5 2 
148, 53, 1125, 475, 25, 41, 5 5 2 7 2 1 4 1 7 5 7 4 2 6 6 1 6 7 7 0 5 2 
149, 56, 1121, 479, 1, 41, 5 5 2 7 2 1 4 1 7 5 7 4 2 6 6 1 6 7 7 0 5 2 
150, 57, 1118, 482, 1, 41, 5 5 2 7 2 1 4 1 7 5 7 4 2 6 6 1 6 7 7 0 5 2 
151, 59, 1118, 482, 35, 25, 5 5 2 7 2 1 4 1 7 5 7 4 2 6 6 1 6 7 7 0 5 2 
152, 62, 1110, 490, 26, 25, 5 5 2 7 2 1 4 1 7 5 7 4 2 6 6 1 6 7 7 0 5 2 
153, 66, 1111, 489, 1, 25, 5 5 2 7 2 1 4 1 7 5 7 4 2 6 6 1 6 7 7 0 5 2 
154, 67, 1105, 495, 25, 25, 5 5 2 7 2 1 4 1 7 5 7 4 2 6 6 1 6 7 7 0 5 2 
155, 67, 1096, 504, 4, 25, 5 5 2 7 2 1 4 1 7 5 7 4 2 6 6 1 6 7 7 0 5 2 
156, 68, 1093, 507, 2, 20, 5 5 2 7 2 1 4 1 7 5 7 4 2 6 6 1 6 7 7 0 5 2 
157, 68, 1092, 508, 12, 20, 5 5 2 7 2 1 4 1 7 5 7 4 2 6 6 1 6 7 7 0 5 2 
158, 68, 1085, 515, 5, 20, 5 5 2 7 2 1 4 1 7 5 7 4 2 6 6 1 6 7 7 0 5 2 
159, 68, 1080, 520, 1, 20, 5 5 2 7 2 1 4 1 7 5 7 4 2 6 6 1 6 7 7 0 5 2 
160, 71, 1067, 533, 23, 17, 5 5 2 7 2 1 4 1 7 5 7 4 2 6 6 1 6 7 7 0 5 2 
161, 70, 1054, 546, 6, 17, 5 5 2 7 2 1 4 1 7 5 7 4 2 6 6 1 6 7 7 0 5 2 
162, 71, 1047, 553, 34, 16, 5 5 2 7 2 1 4 1 7 5 7 4 2 6 6 1 6 7 7 0 5 2 
163, 72, 1031, 569, 25, 15, 5 5 2 7 2 1 4 1 7 5 7 4 2 6 6 1 6 7 7 0 5 2 
164, 74, 1016, 584, 2, 16, 5 5 2 7 2 1 4 1 7 5 7 4 2 6 6 1 6 7 7 0 5 2 
165, 75, 1009, 591, 24, 16, 5 5 2 7 2 1 4 1 7 5 7 4 2 6 6 1 6 7 7 0 5 2 
166, 75, 1003, 597, 4, 16, 5 5 2 7 2 1 4 1 7 5 7 4 2 6 6 1 6 7 7 0 5 2 
167, 76, 995, 605, 40, 16, 5 5 2 7 2 1 4 1 7 5 7 4 2 6 6 1 6 7 7 0 5 2 
168, 78, 991, 609, 23, 16, 5 5 2 7 2 1 4 1 7 5 7 4 2 6 6 1 6 7 7 0 5 2 
169, 78, 975, 625, 7, 16, 5 5 2 7 2 1 4 1 7 5 7 4 2 6 6 1 6 7 7 0 5 2 
170, 80, 964, 636, 40, 16, 5 5 2 7 2 1 4 1 7 5 7 4 2 6 6 1 6 7 7 0 5 2 
171, 81, 952, 648, 22, 15, 5 5 2 7 2 1 4 1 7 5 7 4 2 6 6 1 6 7 7 0 5 2 
172, 86, 944, 656, 8, 15, 5 5 2 7 2 1 4 1 7 5 7 4 2 6 6 1 6 7 7 0 5 2 
173, 88, 936, 664, 14, 15, 5 5 2 7 2 1 4 1 7 5 7 4 2 6 6 1 6 7 7 0 5 2 
174, 91, 928, 672, 9, 15, 5 5 2 7 2 1 4 1 7 5 7 4 2 6 6 1 6 7 7 0 5 2 
175, 91, 923, 677, 4, 15, 5 5 2 7 2 1 4 1 7 5 7 4 2 6 6 1 6 7 7 0 5 2 
176, 95, 914, 686, 2, 15, 5 5 2 7 2 1 4 1 7 5 7 4 2 6 6 1 6 7 7 0 5 2 
177, 98, 903, 697, 3, 16, 5 5 2 7 2 1 4 1 7 5 7 4 2 6 6 1 6 7 7 0 5 2 
178, 100, 899, 701, 14, 16, 5 5 2 7 2 1 4 1 7 5 7 4 2 6 6 1 6 7 7 0 5 2 
179, 103, 891, 709, 3, 16, 5 5 2 7 2 1 4 1 7 5 7 4 2 6 6 1 6 7 7 0 5 2 
180, 104, 884, 716, 14, 16, 5 5 2 7 2 1 4 1 7 5 7 4 2 6 6 1 6 7 7 0 5 2 
181, 105, 879, 721, 13, 16, 5 5 2 7 2 1 4 1 7 5 7 4 2 6 6 1 6 7 7 0 5 2 
182, 107, 867, 733, 2, 16, 5 5 2 7 2 1 4 1 7 5 7 4 2 6 6 1 6 7 7 0 5 2 
183, 108, 859, 741, 4, 16, 5 5 2 7 2 1 4 1 7 5 7 4 2 6 6 1 6 7 7 0 5 2 
184, 114, 844, 756, 3, 17, 5 5 2 7 2 1 4 1 7 5 7 4 2 6 6 1 6 7 7 0 5 2 
185, 118, 833, 767, 9, 17, 5 5 2 7 2 1 4 1 7 5 7 4 2 6 6 1 6 7 7 0 5 2 
186, 122, 830, 770, 0, 19, 5 5 2 7 2 1 4 1 7 5 7 4 2 6 6 1 6 7 7 0 5 2 
187, 126, 824, 776, 0, 19, 5 5 2 7 2 1 4 1 7 5 7 4 2 6 6 1 6 7 7 0 5 2 
188, 123, 815, 785, 1, 19, 5 5 2 7 2 1 4 1 7 5 7 4 2 6 6 1 6 7 7 0 5 2 
189, 122, 809, 791, 0, 18, 5 5 2 7 2 1 4 1 7 5 7 4 2 6 6 1 6 7 7 0 5 2 
190, 125, 801, 799, 1, 19, 5 5 2 7 2 1 4 1 7 5 7 4 2 6 6 1 6 7 7 0 5 2 
191, 125, 793, 807, 0, 19, 5 5 2 7 2 1 4 1 7 5 7 4 2 6 6 1 6 7 7 0 5 2 
192, 127, 782, 818, 1, 19, 5 5 2 7 2 1 4 1 7 5 7 4 2 6 6 1 6 7 7 0 5 2 
193, 135, 771, 829, 1, 19, 5 5 2 7 2 1 4 1 7 5 7 4 2 6 6 1 6 7 7 0 5 2 
194, 137, 771, 829, 1, 19, 5 5 2 7 2 1 4 1 7 5 7 4 2 6 6 1 6 7 7 0 5 2 
196, 135, 766, 834, 3, 18, 5 5 2 7 2 1 4 1 7 5 7 4 2 6 6 1 6 7 7 0 5 2 
196, 135, 766, 834, 3, 18, 5 5 2 7 2 1 4 1 7 5 7 4 2 6 6 1 6 7 7 0 5 2 
197, 130, 757, 843, 1, 18, 5 5 2 7 2 1 4 1 7 5 7 4 2 6 6 1 6 7 7 0 5 2 
198, 134, 751, 849, 2, 19, 5 5 2 7 2 1 4 1 7 5 7 4 2 6 6 1 6 7 7 0 5 2 
199, 139, 745, 855, 0, 19, 5 5 2 7 2 1 4 1 7 5 7 4 2 6 6 1 6 7 7 0 5 2 
200, 140, 738, 862, 0, 19, 5 5 2 7 2 1 4 1 7 5 7 4 2 6 6 1 6 7 7 0 5 2 
201, 143, 733, 867, 0, 19, 5 5 2 7 2 1 4 1 7 5 7 4 2 6 6 1 6 7 7 0 5 2 
202, 143, 722, 878, 1, 19, 5 5 2 7 2 1 4 1 7 5 7 4 2 6 6 1 6 7 7 0 5 2 
203, 142, 715, 885, 0, 20, 5 5 2 7 2 1 4 1 7 5 7 4 2 6 6 1 6 7 7 0 5 2 
204, 145, 709, 891, 0, 19, 5 5 2 7 2 1 4 1 7 5 7 4 2 6 6 1 6 7 7 0 5 2 
206, 146, 694, 906, 3, 19, 5 5 2 7 2 1 4 1 7 5 7 4 2 6 6 1 6 7 7 0 5 2 
207, 147, 687, 913, 0, 19, 5 5 2 7 2 1 4 1 7 5 7 4 2 6 6 1 6 7 7 0 5 2 
207, 147, 687, 913, 0, 19, 5 5 2 7 2 1 4 1 7 5 7 4 2 6 6 1 6 7 7 0 5 2 
208, 149, 683, 917, 0, 19, 5 5 2 7 2 1 4 1 7 5 7 4 2 6 6 1 6 7 7 0 5 2 
209, 148, 670, 930, 2, 19, 5 5 2 7 2 1 4 1 7 5 7 4 2 6 6 1 6 7 7 0 5 2 
210, 149, 657, 943, 23, 18, 5 5 2 7 2 1 4 1 7 5 7 4 2 6 6 1 6 7 7 0 5 2 
211, 150, 646, 954, 2, 19, 5 5 2 7 2 1 4 1 7 5 7 4 2 6 6 1 6 7 7 0 5 2 
212, 149, 651, 949, 0, 19, 5 5 2 7 2 1 4 1 7 5 7 4 2 6 6 1 6 7 7 0 5 2 
214, 145, 638, 962, 0, 19, 5 5 2 7 2 1 4 1 7 5 7 4 2 6 6 1 6 7 7 0 5 2 
214, 145, 638, 962, 0, 19, 5 5 2 7 2 1 4 1 7 5 7 4 2 6 6 1 6 7 7 0 5 2 
215, 147, 632, 968, 0, 19, 5 5 2 7 2 1 4 1 7 5 7 4 2 6 6 1 6 7 7 0 5 2 
216, 145, 624, 976, 1, 19, 5 5 2 7 2 1 4 1 7 5 7 4 2 6 6 1 6 7 7 0 5 2 
217, 148, 615, 985, 3, 19, 5 5 2 7 2 1 4 1 7 5 7 4 2 6 6 1 6 7 7 0 5 2 
218, 147, 601, 999, 2, 19, 5 5 2 7 2 1 4 1 7 5 7 4 2 6 6 1 6 7 7 0 5 2 
220, 147, 592, 1008, 3, 19, 5 5 2 7 2 1 4 1 7 5 7 4 2 6 6 1 6 7 7 0 5 2 
220, 147, 592, 1008, 3, 19, 5 5 2 7 2 1 4 1 7 5 7 4 2 6 6 1 6 7 7 0 5 2 
221, 149, 590, 1010, 22, 19, 5 5 2 7 2 1 4 1 7 5 7 4 2 6 6 1 6 7 7 0 5 2 
222, 150, 585, 1015, 3, 20, 5 5 2 7 2 1 4 1 7 5 7 4 2 6 6 1 6 7 7 0 5 2 
223, 148, 571, 1029, 1, 20, 5 5 2 7 2 1 4 1 7 5 7 4 2 6 6 1 6 7 7 0 5 2 
224, 151, 565, 1035, 0, 20, 5 5 2 7 2 1 4 1 7 5 7 4 2 6 6 1 6 7 7 0 5 2 
226, 157, 560, 1040, 1, 19, 5 5 2 7 2 1 4 1 7 5 7 4 2 6 6 1 6 7 7 0 5 2 
226, 157, 560, 1040, 1, 19, 5 5 2 7 2 1 4 1 7 5 7 4 2 6 6 1 6 7 7 0 5 2 
227, 150, 555, 1045, 0, 19, 5 5 2 7 2 1 4 1 7 5 7 4 2 6 6 1 6 7 7 0 5 2 
228, 156, 550, 1050, 1, 19, 5 5 2 7 2 1 4 1 7 5 7 4 2 6 6 1 6 7 7 0 5 2 
229, 158, 544, 1056, 1, 19, 5 5 2 7 2 1 4 1 7 5 7 4 2 6 6 1 6 7 7 0 5 2 
230, 157, 539, 1061, 0, 19, 5 5 2 7 2 1 4 1 7 5 7 4 2 6 6 1 6 7 7 0 5 2 
232, 156, 528, 1072, 0, 20, 5 5 2 7 2 1 4 1 7 5 7 4 2 6 6 1 6 7 7 0 5 2 
232, 156, 528, 1072, 0, 20, 5 5 2 7 2 1 4 1 7 5 7 4 2 6 6 1 6 7 7 0 5 2 
233, 156, 522, 1078, 0, 20, 5 5 2 7 2 1 4 1 7 5 7 4 2 6 6 1 6 7 7 0 5 2 
234, 154, 515, 1085, 0, 22, 5 5 2 7 2 1 4 1 7 5 7 4 2 6 6 1 6 7 7 0 5 2 
236, 154, 495, 1105, 1, 22, 5 5 2 7 2 1 4 1 7 5 7 4 2 6 6 1 6 7 7 0 5 2 
236, 154, 495, 1105, 1, 22, 5 5 2 7 2 1 4 1 7 5 7 4 2 6 6 1 6 7 7 0 5 2 
237, 157, 490, 1110, 1, 23, 5 5 2 7 2 1 4 1 7 5 7 4 2 6 6 1 6 7 7 0 5 2 
238, 158, 482, 1118, 0, 23, 5 5 2 7 2 1 4 1 7 5 7 4 2 6 6 1 6 7 7 0 5 2 
239, 157, 483, 1117, 0, 23, 5 5 2 7 2 1 4 1 7 5 7 4 2 6 6 1 6 7 7 0 5 2 
240, 158, 482, 1118, 0, 23, 5 5 2 7 2 1 4 1 7 5 7 4 2 6 6 1 6 7 7 0 5 2 
242, 163, 468, 1132, 0, 23, 5 5 2 7 2 1 4 1 7 5 7 4 2 6 6 1 6 7 7 0 5 2 
242, 163, 468, 1132, 0, 23, 5 5 2 7 2 1 4 1 7 5 7 4 2 6 6 1 6 7 7 0 5 2 
243, 163, 468, 1132, 1, 23, 5 5 2 7 2 1 4 1 7 5 7 4 2 6 6 1 6 7 7 0 5 2 
244, 165, 466, 1134, 0, 23, 5 5 2 7 2 1 4 1 7 5 7 4 2 6 6 1 6 7 7 0 5 2 
246, 160, 449, 1151, 0, 23, 5 5 2 7 2 1 4 1 7 5 7 4 2 6 6 1 6 7 7 0 5 2 
246, 160, 449, 1151, 0, 23, 5 5 2 7 2 1 4 1 7 5 7 4 2 6 6 1 6 7 7 0 5 2 
247, 157, 431, 1169, 1, 23, 5 5 2 7 2 1 4 1 7 5 7 4 2 6 6 1 6 7 7 0 5 2 
248, 158, 428, 1172, 0, 23, 5 5 2 7 2 1 4 1 7 5 7 4 2 6 6 1 6 7 7 0 5 2 
250, 164, 416, 1184, 0, 23, 5 5 2 7 2 1 4 1 7 5 7 4 2 6 6 1 6 7 7 0 5 2 
251, 162, 407, 1193, 1, 23, 5 5 2 7 2 1 4 1 7 5 7 4 2 6 6 1 6 7 7 0 5 2 
251, 162, 407, 1193, 1, 23, 5 5 2 7 2 1 4 1 7 5 7 4 2 6 6 1 6 7 7 0 5 2 
252, 164, 399, 1201, 2, 23, 5 5 2 7 2 1 4 1 7 5 7 4 2 6 6 1 6 7 7 0 5 2 
253, 170, 394, 1206, 2, 24, 5 5 2 7 2 1 4 1 7 5 7 4 2 6 6 1 6 7 7 0 5 2 
255, 172, 380, 1220, 2, 23, 5 5 2 7 2 1 4 1 7 5 7 4 2 6 6 1 6 7 7 0 5 2 
255, 172, 380, 1220, 2, 23, 5 5 2 7 2 1 4 1 7 5 7 4 2 6 6 1 6 7 7 0 5 2 
256, 177, 376, 1224, 1, 23, 5 5 2 7 2 1 4 1 7 5 7 4 2 6 6 1 6 7 7 0 5 2 
257, 177, 364, 1236, 2, 23, 5 5 2 7 2 1 4 1 7 5 7 4 2 6 6 1 6 7 7 0 5 2 
259, 182, 363, 1237, 0, 24, 2 5 0 6 2 1 2 3 4 4 0 0 6 3 1 0 1 5 6 2 1 7 
259, 182, 363, 1237, 0, 24, 2 5 0 6 2 1 2 3 4 4 0 0 6 3 1 0 1 5 6 2 1 7 
260, 181, 357, 1243, 0, 24, 2 5 0 6 2 1 2 3 4 4 0 0 6 3 1 0 1 5 6 2 1 7 
262, 172, 351, 1249, 0, 24, 2 5 0 6 2 1 2 3 4 4 0 0 6 3 1 0 1 5 6 2 1 7 
263, 172, 346, 1254, 0, 24, 2 5 0 6 2 1 2 3 4 4 0 0 6 3 1 0 1 5 6 2 1 7 
263, 172, 346, 1254, 0, 24, 2 5 0 6 2 1 2 3 4 4 0 0 6 3 1 0 1 5 6 2 1 7 
264, 171, 349, 1251, 1, 24, 2 5 0 6 2 1 2 3 4 4 0 0 6 3 1 0 1 5 6 2 1 7 
265, 174, 341, 1259, 0, 24, 2 5 0 6 2 1 2 3 4 4 0 0 6 3 1 0 1 5 6 2 1 7 
267, 171, 335, 1265, 0, 24, 2 5 0 6 2 1 2 3 4 4 0 0 6 3 1 0 1 5 6 2 1 7 
267, 171, 335, 1265, 0, 24, 2 5 0 6 2 1 2 3 4 4 0 0 6 3 1 0 1 5 6 2 1 7 
269, 171, 324, 1276, 1, 23, 2 5 0 6 2 1 2 3 4 4 0 0 6 3 1 0 1 5 6 2 1 7 
270, 169, 323, 1277, 0, 24, 2 5 0 6 2 1 2 3 4 4 0 0 6 3 1 0 1 5 6 2 1 7 
270, 169, 323, 1277, 0, 24, 2 5 0 6 2 1 2 3 4 4 0 0 6 3 1 0 1 5 6 2 1 7 
271, 171, 325, 1275, 0, 24, 2 5 0 6 2 1 2 3 4 4 0 0 6 3 1 0 1 5 6 2 1 7 
273, 171, 322, 1278, 0, 24, 2 5 0 6 2 1 2 3 4 4 0 0 6 3 1 0 1 5 6 2 1 7 
273, 171, 322, 1278, 0, 24, 2 5 0 6 2 1 2 3 4 4 0 0 6 3 1 0 1 5 6 2 1 7 
274, 172, 321, 1279, 0, 24, 2 5 0 6 2 1 2 3 4 4 0 0 6 3 1 0 1 5 6 2 1 7 
276, 167, 314, 1286, 0, 24, 2 5 0 6 2 1 2 3 4 4 0 0 6 3 1 0 1 5 6 2 1 7 
276, 167, 314, 1286, 0, 24, 2 5 0 6 2 1 2 3 4 4 0 0 6 3 1 0 1 5 6 2 1 7 
277, 167, 309, 1291, 1, 24, 2 5 0 6 2 1 2 3 4 4 0 0 6 3 1 0 1 5 6 2 1 7 
279, 163, 301, 1299, 2, 24, 2 5 0 6 2 1 2 3 4 4 0 0 6 3 1 0 1 5 6 2 1 7 
279, 163, 301, 1299, 2, 24, 2 5 0 6 2 1 2 3 4 4 0 0 6 3 1 0 1 5 6 2 1 7 
280, 163, 297, 1303, 0, 24, 2 5 0 6 2 1 2 3 4 4 0 0 6 3 1 0 1 5 6 2 1 7 
282, 163, 292, 1308, 4, 24, 2 5 0 6 2 1 2 3 4 4 0 0 6 3 1 0 1 5 6 2 1 7 
282, 163, 292, 1308, 4, 24, 2 5 0 6 2 1 2 3 4 4 0 0 6 3 1 0 1 5 6 2 1 7 
283, 162, 288, 1312, 2, 24, 2 5 0 6 2 1 2 3 4 4 0 0 6 3 1 0 1 5 6 2 1 7 
285, 154, 296, 1304, 1, 24, 2 5 0 6 2 1 2 3 4 4 0 0 6 3 1 0 1 5 6 2 1 7 
285, 154, 296, 1304, 1, 24, 2 5 0 6 2 1 2 3 4 4 0 0 6 3 1 0 1 5 6 2 1 7 
286, 147, 298, 1302, 0, 24, 2 5 0 6 2 1 2 3 4 4 0 0 6 3 1 0 1 5 6 2 1 7 
288, 146, 300, 1300, 1, 24, 2 5 0 6 2 1 2 3 4 4 0 0 6 3 1 0 1 5 6 2 1 7 
288, 146, 300, 1300, 1, 24, 2 5 0 6 2 1 2 3 4 4 0 0 6 3 1 0 1 5 6 2 1 7 
290, 143, 297, 1303, 0, 25, 2 5 0 6 2 1 2 3 4 4 0 0 6 3 1 0 1 5 6 2 1 7 
291, 142, 300, 1300, 0, 25, 2 5 0 6 2 1 2 3 4 4 0 0 6 3 1 0 1 5 6 2 1 7 
291, 142, 300, 1300, 0, 25, 2 5 0 6 2 1 2 3 4 4 0 0 6 3 1 0 1 5 6 2 1 7 
292, 140, 297, 1303, 0, 25, 2 5 0 6 2 1 2 3 4 4 0 0 6 3 1 0 1 5 6 2 1 7 
293, 136, 296, 1304, 4, 25, 2 5 0 6 2 1 2 3 4 4 0 0 6 3 1 0 1 5 6 2 1 7 
294, 136, 294, 1306, 0, 25, 2 5 0 6 2 1 2 3 4 4 0 0 6 3 1 0 1 5 6 2 1 7 
296, 131, 294, 1306, 12, 25, 2 5 0 6 2 1 2 3 4 4 0 0 6 3 1 0 1 5 6 2 1 7 
296, 131, 294, 1306, 12, 25, 2 5 0 6 2 1 2 3 4 4 0 0 6 3 1 0 1 5 6 2 1 7 
297, 128, 292, 1308, 1, 25, 2 5 0 6 2 1 2 3 4 4 0 0 6 3 1 0 1 5 6 2 1 7 
299, 127, 288, 1312, 4, 25, 2 5 0 6 2 1 2 3 4 4 0 0 6 3 1 0 1 5 6 2 1 7 
299, 127, 288, 1312, 4, 25, 2 5 0 6 2 1 2 3 4 4 0 0 6 3 1 0 1 5 6 2 1 7 
300, 125, 291, 1309, 0, 25, 2 5 0 6 2 1 2 3 4 4 0 0 6 3 1 0 1 5 6 2 1 7 
302, 126, 279, 1321, 6, 25, 2 5 0 6 2 1 2 3 4 4 0 0 6 3 1 0 1 5 6 2 1 7 
302, 126, 279, 1321, 6, 25, 2 5 0 6 2 1 2 3 4 4 0 0 6 3 1 0 1 5 6 2 1 7 
304, 130, 280, 1320, 5, 25, 2 5 0 6 2 1 2 3 4 4 0 0 6 3 1 0 1 5 6 2 1 7 
304, 130, 280, 1320, 5, 25, 2 5 0 6 2 1 2 3 4 4 0 0 6 3 1 0 1 5 6 2 1 7 
305, 126, 283, 1317, 0, 26, 2 5 0 6 2 1 2 3 4 4 0 0 6 3 1 0 1 5 6 2 1 7 
307, 124, 284, 1316, 3, 26, 2 5 0 6 2 1 2 3 4 4 0 0 6 3 1 0 1 5 6 2 1 7 
307, 124, 284, 1316, 3, 26, 2 5 0 6 2 1 2 3 4 4 0 0 6 3 1 0 1 5 6 2 1 7 
308, 124, 279, 1321, 0, 26, 2 5 0 6 2 1 2 3 4 4 0 0 6 3 1 0 1 5 6 2 1 7 
310, 126, 278, 1322, 0, 26, 2 5 0 6 2 1 2 3 4 4 0 0 6 3 1 0 1 5 6 2 1 7 
310, 126, 278, 1322, 0, 26, 2 5 0 6 2 1 2 3 4 4 0 0 6 3 1 0 1 5 6 2 1 7 
312, 131, 283, 1317, 0, 26, 2 5 0 6 2 1 2 3 4 4 0 0 6 3 1 0 1 5 6 2 1 7 
312, 131, 283, 1317, 0, 26, 2 5 0 6 2 1 2 3 4 4 0 0 6 3 1 0 1 5 6 2 1 7 
313, 134, 285, 1315, 0, 26, 2 5 0 6 2 1 2 3 4 4 0 0 6 3 1 0 1 5 6 2 1 7 
315, 138, 283, 1317, 1, 26, 2 5 0 6 2 1 2 3 4 4 0 0 6 3 1 0 1 5 6 2 1 7 
315, 138, 283, 1317, 1, 26, 2 5 0 6 2 1 2 3 4 4 0 0 6 3 1 0 1 5 6 2 1 7 
317, 140, 282, 1318, 1, 26, 2 5 0 6 2 1 2 3 4 4 0 0 6 3 1 0 1 5 6 2 1 7 
317, 140, 282, 1318, 1, 26, 2 5 0 6 2 1 2 3 4 4 0 0 6 3 1 0 1 5 6 2 1 7 
318, 143, 278, 1322, 0, 26, 2 5 0 6 2 1 2 3 4 4 0 0 6 3 1 0 1 5 6 2 1 7 
320, 142, 270, 1330, 1, 26, 2 5 0 6 2 1 2 3 4 4 0 0 6 3 1 0 1 5 6 2 1 7 
320, 142, 270, 1330, 1, 26, 2 5 0 6 2 1 2 3 4 4 0 0 6 3 1 0 1 5 6 2 1 7 
322, 147, 268, 1332, 2, 26, 2 5 0 6 2 1 2 3 4 4 0 0 6 3 1 0 1 5 6 2 1 7 
322, 147, 268, 1332, 2, 26, 2 5 0 6 2 1 2 3 4 4 0 0 6 3 1 0 1 5 6 2 1 7 
323, 150, 257, 1343, 0, 26, 2 5 0 6 2 1 2 3 4 4 0 0 6 3 1 0 1 5 6 2 1 7 
325, 158, 253, 1347, 1, 26, 2 5 0 6 2 1 2 3 4 4 0 0 6 3 1 0 1 5 6 2 1 7 
325, 158, 253, 1347, 1, 26, 2 5 0 6 2 1 2 3 4 4 0 0 6 3 1 0 1 5 6 2 1 7 
327, 159, 247, 1353, 0, 26, 2 5 0 6 2 1 2 3 4 4 0 0 6 3 1 0 1 5 6 2 1 7 
327, 159, 247, 1353, 0, 26, 2 5 0 6 2 1 2 3 4 4 0 0 6 3 1 0 1 5 6 2 1 7 
328, 155, 245, 1355, 2, 26, 2 5 0 6 2 1 2 3 4 4 0 0 6 3 1 0 1 5 6 2 1 7 
330, 151, 245, 1355, 0, 26, 2 5 0 6 2 1 2 3 4 4 0 0 6 3 1 0 1 5 6 2 1 7 
330, 151, 245, 1355, 0, 26, 2 5 0 6 2 1 2 3 4 4 0 0 6 3 1 0 1 5 6 2 1 7 
332, 152, 240, 1360, 0, 27, 2 5 0 6 2 1 2 3 4 4 0 0 6 3 1 0 1 5 6 2 1 7 
332, 152, 240, 1360, 0, 27, 2 5 0 6 2 1 2 3 4 4 0 0 6 3 1 0 1 5 6 2 1 7 
333, 148, 237, 1363, 0, 27, 2 5 0 6 2 1 2 3 4 4 0 0 6 3 1 0 1 5 6 2 1 7 
335, 145, 236, 1364, 1, 28, 2 5 0 6 2 1 2 3 4 4 0 0 6 3 1 0 1 5 6 2 1 7 
335, 145, 236, 1364, 1, 28, 2 5 0 6 2 1 2 3 4 4 0 0 6 3 1 0 1 5 6 2 1 7 
337, 149, 235, 1365, 5, 27, 2 5 0 6 2 1 2 3 4 4 0 0 6 3 1 0 1 5 6 2 1 7 
337, 149, 235, 1365, 5, 27, 2 5 0 6 2 1 2 3 4 4 0 0 6 3 1 0 1 5 6 2 1 7 
339, 153, 228, 1372, 4, 28, 2 5 0 6 2 1 2 3 4 4 0 0 6 3 1 0 1 5 6 2 1 7 
340, 154, 233, 1367, 2, 28, 2 5 0 6 2 1 2 3 4 4 0 0 6 3 1 0 1 5 6 2 1 7 
340, 154, 233, 1367, 2, 28, 2 5 0 6 2 1 2 3 4 4 0 0 6 3 1 0 1 5 6 2 1 7 
342, 156, 228, 1372, 7, 28, 2 5 0 6 2 1 2 3 4 4 0 0 6 3 1 0 1 5 6 2 1 7 
342, 156, 228, 1372, 7, 28, 2 5 0 6 2 1 2 3 4 4 0 0 6 3 1 0 1 5 6 2 1 7 
344, 160, 224, 1376, 0, 28, 2 5 0 6 2 1 2 3 4 4 0 0 6 3 1 0 1 5 6 2 1 7 
344, 160, 224, 1376, 0, 28, 2 5 0 6 2 1 2 3 4 4 0 0 6 3 1 0 1 5 6 2 1 7 
346, 163, 225, 1375, 0, 28, 2 5 0 6 2 1 2 3 4 4 0 0 6 3 1 0 1 5 6 2 1 7 
346, 163, 225, 1375, 0, 28, 2 5 0 6 2 1 2 3 4 4 0 0 6 3 1 0 1 5 6 2 1 7 
348, 166, 217, 1383, 0, 28, 2 5 0 6 2 1 2 3 4 4 0 0 6 3 1 0 1 5 6 2 1 7 
348, 166, 217, 1383, 0, 28, 2 5 0 6 2 1 2 3 4 4 0 0 6 3 1 0 1 5 6 2 1 7 
350, 162, 214, 1386, 0, 28, 2 5 0 6 2 1 2 3 4 4 0 0 6 3 1 0 1 5 6 2 1 7 
350, 162, 214, 1386, 0, 28, 2 5 0 6 2 1 2 3 4 4 0 0 6 3 1 0 1 5 6 2 1 7 
352, 163, 217, 1383, 0, 27, 2 5 0 6 2 1 2 3 4 4 0 0 6 3 1 0 1 5 6 2 1 7 
353, 166, 217, 1383, 1, 27, 2 5 0 6 2 1 2 3 4 4 0 0 6 3 1 0 1 5 6 2 1 7 
353, 166, 217, 1383, 1, 27, 2 5 0 6 2 1 2 3 4 4 0 0 6 3 1 0 1 5 6 2 1 7 
355, 162, 222, 1378, 1, 27, 2 5 0 6 2 1 2 3 4 4 0 0 6 3 1 0 1 5 6 2 1 7 
355, 162, 222, 1378, 1, 27, 2 5 0 6 2 1 2 3 4 4 0 0 6 3 1 0 1 5 6 2 1 7 
357, 156, 223, 1377, 4, 27, 2 5 0 6 2 1 2 3 4 4 0 0 6 3 1 0 1 5 6 2 1 7 
357, 156, 223, 1377, 4, 27, 2 5 0 6 2 1 2 3 4 4 0 0 6 3 1 0 1 5 6 2 1 7 
359, 152, 223, 1377, 1, 27, 2 5 0 6 2 1 2 3 4 4 0 0 6 3 1 0 1 5 6 2 1 7 
359, 152, 223, 1377, 1, 27, 2 5 0 6 2 1 2 3 4 4 0 0 6 3 1 0 1 5 6 2 1 7 
361, 151, 219, 1381, 5, 27, 2 5 0 6 2 1 2 3 4 4 0 0 6 3 1 0 1 5 6 2 1 7 
361, 151, 219, 1381, 5, 27, 2 5 0 6 2 1 2 3 4 4 0 0 6 3 1 0 1 5 6 2 1 7 
363, 152, 213, 1387, 0, 27, 2 5 0 6 2 1 2 3 4 4 0 0 6 3 1 0 1 5 6 2 1 7 
363, 152, 213, 1387, 0, 27, 2 5 0 6 2 1 2 3 4 4 0 0 6 3 1 0 1 5 6 2 1 7 
364, 151, 207, 1393, 0, 27, 2 5 0 6 2 1 2 3 4 4 0 0 6 3 1 0 1 5 6 2 1 7 
366, 154, 206, 1394, 3, 27, 2 5 0 6 2 1 2 3 4 4 0 0 6 3 1 0 1 5 6 2 1 7 
366, 154, 206, 1394, 3, 27, 2 5 0 6 2 1 2 3 4 4 0 0 6 3 1 0 1 5 6 2 1 7 
368, 156, 213, 1387, 1, 27, 2 5 0 6 2 1 2 3 4 4 0 0 6 3 1 0 1 5 6 2 1 7 
368, 156, 213, 1387, 1, 27, 2 5 0 6 2 1 2 3 4 4 0 0 6 3 1 0 1 5 6 2 1 7 
370, 156, 209, 1391, 0, 27, 2 5 0 6 2 1 2 3 4 4 0 0 6 3 1 0 1 5 6 2 1 7 
370, 156, 209, 1391, 0, 27, 2 5 0 6 2 1 2 3 4 4 0 0 6 3 1 0 1 5 6 2 1 7 
372, 161, 209, 1391, 3, 28, 2 5 0 6 2 1 2 3 4 4 0 0 6 3 1 0 1 5 6 2 1 7 
372, 161, 209, 1391, 3, 28, 2 5 0 6 2 1 2 3 4 4 0 0 6 3 1 0 1 5 6 2 1 7 
374, 159, 212, 1388, 3, 28, 2 5 0 6 2 1 2 3 4 4 0 0 6 3 1 0 1 5 6 2 1 7 
374, 159, 212, 1388, 3, 28, 2 5 0 6 2 1 2 3 4 4 0 0 6 3 1 0 1 5 6 2 1 7 
376, 161, 219, 1381, 1, 28, 2 5 0 6 2 1 2 3 4 4 0 0 6 3 1 0 1 5 6 2 1 7 
376, 161, 219, 1381, 1, 28, 2 5 0 6 2 1 2 3 4 4 0 0 6 3 1 0 1 5 6 2 1 7 
378, 156, 217, 1383, 0, 28, 2 5 0 6 2 1 2 3 4 4 0 0 6 3 1 0 1 5 6 2 1 7 
378, 156, 217, 1383, 0, 28, 2 5 0 6 2 1 2 3 4 4 0 0 6 3 1 0 1 5 6 2 1 7 
380, 161, 223, 1377, 3, 28, 2 5 0 6 2 1 2 3 4 4 0 0 6 3 1 0 1 5 6 2 1 7 
380, 161, 223, 1377, 3, 28, 2 5 0 6 2 1 2 3 4 4 0 0 6 3 1 0 1 5 6 2 1 7 
382, 160, 225, 1375, 0, 28, 2 5 0 6 2 1 2 3 4 4 0 0 6 3 1 0 1 5 6 2 1 7 
382, 160, 225, 1375, 0, 28, 2 5 0 6 2 1 2 3 4 4 0 0 6 3 1 0 1 5 6 2 1 7 
384, 163, 226, 1374, 0, 29, 2 5 0 6 2 1 2 3 4 4 0 0 6 3 1 0 1 5 6 2 1 7 
384, 163, 226, 1374, 0, 29, 2 5 0 6 2 1 2 3 4 4 0 0 6 3 1 0 1 5 6 2 1 7 
386, 164, 220, 1380, 17, 29, 2 5 0 6 2 1 2 3 4 4 0 0 6 3 1 0 1 5 6 2 1 7 
386, 164, 220, 1380, 17, 29, 2 5 0 6 2 1 2 3 4 4 0 0 6 3 1 0 1 5 6 2 1 7 
388, 163, 210, 1390, 0, 29, 2 5 0 6 2 1 2 3 4 4 0 0 6 3 1 0 1 5 6 2 1 7 
388, 163, 210, 1390, 0, 29, 2 5 0 6 2 1 2 3 4 4 0 0 6 3 1 0 1 5 6 2 1 7 
390, 160, 212, 1388, 1, 29, 2 5 0 6 2 1 2 3 4 4 0 0 6 3 1 0 1 5 6 2 1 7 
390, 160, 212, 1388, 1, 29, 2 5 0 6 2 1 2 3 4 4 0 0 6 3 1 0 1 5 6 2 1 7 
392, 160, 210, 1390, 1, 30, 2 5 0 6 2 1 2 3 4 4 0 0 6 3 1 0 1 5 6 2 1 7 
392, 160, 210, 1390, 1, 30, 2 5 0 6 2 1 2 3 4 4 0 0 6 3 1 0 1 5 6 2 1 7 
394, 162, 203, 1397, 1, 30, 2 5 0 6 2 1 2 3 4 4 0 0 6 3 1 0 1 5 6 2 1 7 
394, 162, 203, 1397, 1, 30, 2 5 0 6 2 1 2 3 4 4 0 0 6 3 1 0 1 5 6 2 1 7 
396, 160, 203, 1397, 1, 30, 2 5 0 6 2 1 2 3 4 4 0 0 6 3 1 0 1 5 6 2 1 7 
396, 160, 203, 1397, 1, 30, 2 5 0 6 2 1 2 3 4 4 0 0 6 3 1 0 1 5 6 2 1 7 
398, 158, 201, 1399, 1, 29, 2 5 0 6 2 1 2 3 4 4 0 0 6 3 1 0 1 5 6 2 1 7 
398, 158, 201, 1399, 1, 29, 2 5 0 6 2 1 2 3 4 4 0 0 6 3 1 0 1 5 6 2 1 7 
400, 158, 204, 1396, 3, 29, 2 5 0 6 2 1 2 3 4 4 0 0 6 3 1 0 1 5 6 2 1 7 
400, 158, 204, 1396, 3, 29, 2 5 0 6 2 1 2 3 4 4 0 0 6 3 1 0 1 5 6 2 1 7 
402, 150, 202, 1398, 1, 29, 2 5 0 6 2 1 2 3 4 4 0 0 6 3 1 0 1 5 6 2 1 7 
402, 150, 202, 1398, 1, 29, 2 5 0 6 2 1 2 3 4 4 0 0 6 3 1 0 1 5 6 2 1 7 
404, 147, 207, 1393, 2, 29, 2 5 0 6 2 1 2 3 4 4 0 0 6 3 1 0 1 5 6 2 1 7 
404, 147, 207, 1393, 2, 29, 2 5 0 6 2 1 2 3 4 4 0 0 6 3 1 0 1 5 6 2 1 7 
406, 147, 207, 1393, 1, 29, 2 5 0 6 2 1 2 3 4 4 0 0 6 3 1 0 1 5 6 2 1 7 
406, 147, 207, 1393, 1, 29, 2 5 0 6 2 1 2 3 4 4 0 0 6 3 1 0 1 5 6 2 1 7 
408, 148, 204, 1396, 0, 29, 2 5 0 6 2 1 2 3 4 4 0 0 6 3 1 0 1 5 6 2 1 7 
408, 148, 204, 1396, 0, 29, 2 5 0 6 2 1 2 3 4 4 0 0 6 3 1 0 1 5 6 2 1 7 
411, 151, 200, 1400, 0, 29, 2 5 0 6 2 1 2 3 4 4 0 0 6 3 1 0 1 5 6 2 1 7 
411, 151, 200, 1400, 0, 29, 2 5 0 6 2 1 2 3 4 4 0 0 6 3 1 0 1 5 6 2 1 7 
411, 151, 200, 1400, 0, 29, 2 5 0 6 2 1 2 3 4 4 0 0 6 3 1 0 1 5 6 2 1 7 
413, 157, 203, 1397, 0, 30, 2 5 0 6 2 1 2 3 4 4 0 0 6 3 1 0 1 5 6 2 1 7 
413, 157, 203, 1397, 0, 30, 2 5 0 6 2 1 2 3 4 4 0 0 6 3 1 0 1 5 6 2 1 7 
415, 153, 200, 1400, 2, 30, 2 5 0 6 2 1 2 3 4 4 0 0 6 3 1 0 1 5 6 2 1 7 
415, 153, 200, 1400, 2, 30, 2 5 0 6 2 1 2 3 4 4 0 0 6 3 1 0 1 5 6 2 1 7 
417, 152, 202, 1398, 1, 30, 2 5 0 6 2 1 2 3 4 4 0 0 6 3 1 0 1 5 6 2 1 7 
417, 152, 202, 1398, 1, 30, 2 5 0 6 2 1 2 3 4 4 0 0 6 3 1 0 1 5 6 2 1 7 
419, 149, 207, 1393, 18, 30, 2 5 0 6 2 1 2 3 4 4 0 0 6 3 1 0 1 5 6 2 1 7 
419, 149, 207, 1393, 18, 30, 2 5 0 6 2 1 2 3 4 4 0 0 6 3 1 0 1 5 6 2 1 7 
421, 145, 210, 1390, 0, 30, 2 5 0 6 2 1 2 3 4 4 0 0 6 3 1 0 1 5 6 2 1 7 
421, 145, 210, 1390, 0, 30, 2 5 0 6 2 1 2 3 4 4 0 0 6 3 1 0 1 5 6 2 1 7 
423, 144, 211, 1389, 13, 30, 2 5 0 6 2 1 2 3 4 4 0 0 6 3 1 0 1 5 6 2 1 7 
423, 144, 211, 1389, 13, 30, 2 5 0 6 2 1 2 3 4 4 0 0 6 3 1 0 1 5 6 2 1 7 
426, 149, 214, 1386, 3, 30, 2 5 0 6 2 1 2 3 4 4 0 0 6 3 1 0 1 5 6 2 1 7 
426, 149, 214, 1386, 3, 30, 2 5 0 6 2 1 2 3 4 4 0 0 6 3 1 0 1 5 6 2 1 7 
426, 149, 214, 1386, 3, 30, 2 5 0 6 2 1 2 3 4 4 0 0 6 3 1 0 1 5 6 2 1 7 
428, 152, 227, 1373, 0, 30, 2 5 0 6 2 1 2 3 4 4 0 0 6 3 1 0 1 5 6 2 1 7 
428, 152, 227, 1373, 0, 30, 2 5 0 6 2 1 2 3 4 4 0 0 6 3 1 0 1 5 6 2 1 7 
430, 155, 214, 1386, 0, 30, 2 5 0 6 2 1 2 3 4 4 0 0 6 3 1 0 1 5 6 2 1 7 
430, 155, 214, 1386, 0, 30, 2 5 0 6 2 1 2 3 4 4 0 0 6 3 1 0 1 5 6 2 1 7 
432, 155, 210, 1390, 2, 30, 2 5 0 6 2 1 2 3 4 4 0 0 6 3 1 0 1 5 6 2 1 7 
432, 155, 210, 1390, 2, 30, 2 5 0 6 2 1 2 3 4 4 0 0 6 3 1 0 1 5 6 2 1 7 
435, 145, 214, 1386, 0, 30, 2 5 0 6 2 1 2 3 4 4 0 0 6 3 1 0 1 5 6 2 1 7 
435, 145, 214, 1386, 0, 30, 2 5 0 6 2 1 2 3 4 4 0 0 6 3 1 0 1 5 6 2 1 7 
435, 145, 214, 1386, 0, 30, 2 5 0 6 2 1 2 3 4 4 0 0 6 3 1 0 1 5 6 2 1 7 
437, 139, 225, 1375, 0, 30, 2 5 0 6 2 1 2 3 4 4 0 0 6 3 1 0 1 5 6 2 1 7 
437, 139, 225, 1375, 0, 30, 2 5 0 6 2 1 2 3 4 4 0 0 6 3 1 0 1 5 6 2 1 7 
439, 137, 219, 1381, 0, 31, 2 5 0 6 2 1 2 3 4 4 0 0 6 3 1 0 1 5 6 2 1 7 
439, 137, 219, 1381, 0, 31, 2 5 0 6 2 1 2 3 4 4 0 0 6 3 1 0 1 5 6 2 1 7 
441, 133, 231, 1369, 0, 31, 2 5 0 6 2 1 2 3 4 4 0 0 6 3 1 0 1 5 6 2 1 7 
441, 133, 231, 1369, 0, 31, 2 5 0 6 2 1 2 3 4 4 0 0 6 3 1 0 1 5 6 2 1 7 
444, 129, 229, 1371, 0, 32, 2 5 0 6 2 1 2 3 4 4 0 0 6 3 1 0 1 5 6 2 1 7 
444, 129, 229, 1371, 0, 32, 2 5 0 6 2 1 2 3 4 4 0 0 6 3 1 0 1 5 6 2 1 7 
444, 129, 229, 1371, 0, 32, 2 5 0 6 2 1 2 3 4 4 0 0 6 3 1 0 1 5 6 2 1 7 
446, 131, 226, 1374, 1, 32, 2 5 0 6 2 1 2 3 4 4 0 0 6 3 1 0 1 5 6 2 1 7 
446, 131, 226, 1374, 1, 32, 2 5 0 6 2 1 2 3 4 4 0 0 6 3 1 0 1 5 6 2 1 7 
448, 130, 225, 1375, 1, 32, 2 5 0 6 2 1 2 3 4 4 0 0 6 3 1 0 1 5 6 2 1 7 
449, 131, 226, 1374, 0, 32, 2 5 0 6 2 1 2 3 4 4 0 0 6 3 1 0 1 5 6 2 1 7 
451, 126, 231, 1369, 4, 32, 2 5 0 6 2 1 2 3 4 4 0 0 6 3 1 0 1 5 6 2 1 7 
451, 126, 231, 1369, 4, 32, 2 5 0 6 2 1 2 3 4 4 0 0 6 3 1 0 1 5 6 2 1 7 
451, 126, 231, 1369, 4, 32, 2 5 0 6 2 1 2 3 4 4 0 0 6 3 1 0 1 5 6 2 1 7 
453, 128, 232, 1368, 1, 33, 2 5 0 6 2 1 2 3 4 4 0 0 6 3 1 0 1 5 6 2 1 7 
453, 128, 232, 1368, 1, 33, 2 5 0 6 2 1 2 3 4 4 0 0 6 3 1 0 1 5 6 2 1 7 
455, 124, 229, 1371, 0, 34, 2 5 0 6 2 1 2 3 4 4 0 0 6 3 1 0 1 5 6 2 1 7 
456, 123, 234, 1366, 1, 34, 2 5 0 6 2 1 2 3 4 4 0 0 6 3 1 0 1 5 6 2 1 7 
458, 121, 231, 1369, 1, 33, 2 5 0 6 2 1 2 3 4 4 0 0 6 3 1 0 1 5 6 2 1 7 
458, 121, 231, 1369, 1, 33, 2 5 0 6 2 1 2 3 4 4 0 0 6 3 1 0 1 5 6 2 1 7 
458, 121, 231, 1369, 1, 33, 2 5 0 6 2 1 2 3 4 4 0 0 6 3 1 0 1 5 6 2 1 7 
460, 121, 233, 1367, 5, 33, 2 5 0 6 2 1 2 3 4 4 0 0 6 3 1 0 1 5 6 2 1 7 
460, 121, 233, 1367, 5, 33, 2 5 0 6 2 1 2 3 4 4 0 0 6 3 1 0 1 5 6 2 1 7 
463, 116, 249, 1351, 0, 34, 2 5 0 6 2 1 2 3 4 4 0 0 6 3 1 0 1 5 6 2 1 7 
463, 116, 249, 1351, 0, 34, 2 5 0 6 2 1 2 3 4 4 0 0 6 3 1 0 1 5 6 2 1 7 
463, 116, 249, 1351, 0, 34, 2 5 0 6 2 1 2 3 4 4 0 0 6 3 1 0 1 5 6 2 1 7 
465, 119, 252, 1348, 4, 34, 2 5 0 6 2 1 2 3 4 4 0 0 6 3 1 0 1 5 6 2 1 7 
465, 119, 252, 1348, 4, 34, 2 5 0 6 2 1 2 3 4 4 0 0 6 3 1 0 1 5 6 2 1 7 
467, 116, 248, 1352, 1, 34, 2 5 0 6 2 1 2 3 4 4 0 0 6 3 1 0 1 5 6 2 1 7 
468, 114, 251, 1349, 0, 34, 2 5 0 6 2 1 2 3 4 4 0 0 6 3 1 0 1 5 6 2 1 7 
470, 113, 255, 1345, 5, 34, 2 5 0 6 2 1 2 3 4 4 0 0 6 3 1 0 1 5 6 2 1 7 
470, 113, 255, 1345, 5, 34, 2 5 0 6 2 1 2 3 4 4 0 0 6 3 1 0 1 5 6 2 1 7 
470, 113, 255, 1345, 5, 34, 2 5 0 6 2 1 2 3 4 4 0 0 6 3 1 0 1 5 6 2 1 7 
472, 114, 254, 1346, 2, 34, 2 5 0 6 2 1 2 3 4 4 0 0 6 3 1 0 1 5 6 2 1 7 
473, 117, 243, 1357, 0, 34, 2 5 0 6 2 1 2 3 4 4 0 0 6 3 1 0 1 5 6 2 1 7 
475, 117, 247, 1353, 0, 34, 2 5 0 6 2 1 2 3 4 4 0 0 6 3 1 0 1 5 6 2 1 7 
475, 117, 247, 1353, 0, 34, 2 5 0 6 2 1 2 3 4 4 0 0 6 3 1 0 1 5 6 2 1 7 
475, 117, 247, 1353, 0, 34, 2 5 0 6 2 1 2 3 4 4 0 0 6 3 1 0 1 5 6 2 1 7 
478, 116, 252, 1348, 4, 34, 2 5 0 6 2 1 2 3 4 4 0 0 6 3 1 0 1 5 6 2 1 7 
478, 116, 252, 1348, 4, 34, 2 5 0 6 2 1 2 3 4 4 0 0 6 3 1 0 1 5 6 2 1 7 
478, 116, 252, 1348, 4, 34, 2 5 0 6 2 1 2 3 4 4 0 0 6 3 1 0 1 5 6 2 1 7 
480, 121, 250, 1350, 4, 34, 2 5 0 6 2 1 2 3 4 4 0 0 6 3 1 0 1 5 6 2 1 7 
480, 121, 250, 1350, 4, 34, 2 5 0 6 2 1 2 3 4 4 0 0 6 3 1 0 1 5 6 2 1 7 
482, 120, 245, 1355, 1, 34, 2 5 0 6 2 1 2 3 4 4 0 0 6 3 1 0 1 5 6 2 1 7 
483, 120, 246, 1354, 1, 34, 2 5 0 6 2 1 2 3 4 4 0 0 6 3 1 0 1 5 6 2 1 7 
483, 120, 246, 1354, 1, 34, 2 5 0 6 2 1 2 3 4 4 0 0 6 3 1 0 1 5 6 2 1 7 
485, 123, 249, 1351, 1, 34, 2 5 0 6 2 1 2 3 4 4 0 0 6 3 1 0 1 5 6 2 1 7 
485, 123, 249, 1351, 1, 34, 2 5 0 6 2 1 2 3 4 4 0 0 6 3 1 0 1 5 6 2 1 7 
488, 124, 244, 1356, 5, 34, 2 5 0 6 2 1 2 3 4 4 0 0 6 3 1 0 1 5 6 2 1 7 
488, 124, 244, 1356, 5, 34, 2 5 0 6 2 1 2 3 4 4 0 0 6 3 1 0 1 5 6 2 1 7 
488, 124, 244, 1356, 5, 34, 2 5 0 6 2 1 2 3 4 4 0 0 6 3 1 0 1 5 6 2 1 7 
490, 126, 248, 1352, 0, 34, 2 5 0 6 2 1 2 3 4 4 0 0 6 3 1 0 1 5 6 2 1 7 
490, 126, 248, 1352, 0, 34, 2 5 0 6 2 1 2 3 4 4 0 0 6 3 1 0 1 5 6 2 1 7 
493, 131, 248, 1352, 0, 34, 2 5 0 6 2 1 2 3 4 4 0 0 6 3 1 0 1 5 6 2 1 7 
493, 131, 248, 1352, 0, 34, 2 5 0 6 2 1 2 3 4 4 0 0 6 3 1 0 1 5 6 2 1 7 
493, 131, 248, 1352, 0, 34, 2 5 0 6 2 1 2 3 4 4 0 0 6 3 1 0 1 5 6 2 1 7 
495, 131, 232, 1368, 5, 34, 2 5 0 6 2 1 2 3 4 4 0 0 6 3 1 0 1 5 6 2 1 7 
495, 131, 232, 1368, 5, 34, 2 5 0 6 2 1 2 3 4 4 0 0 6 3 1 0 1 5 6 2 1 7 
498, 141, 233, 1367, 2, 34, 2 5 0 6 2 1 2 3 4 4 0 0 6 3 1 0 1 5 6 2 1 7 
498, 141, 233, 1367, 2, 34, 2 5 0 6 2 1 2 3 4 4 0 0 6 3 1 0 1 5 6 2 1 7 
498, 141, 233, 1367, 2, 34, 2 5 0 6 2 1 2 3 4 4 0 0 6 3 1 0 1 5 6 2 1 7 
500, 144, 235, 1365, 0, 34, 2 5 0 6 2 1 2 3 4 4 0 0 6 3 1 0 1 5 6 2 1 7 
501, 145, 232, 1368, 2, 34, 2 5 0 6 2 1 2 3 4 4 0 0 6 3 1 0 1 5 6 2 1 7 
501, 145, 232, 1368, 2, 34, 2 5 0 6 2 1 2 3 4 4 0 0 6 3 1 0 1 5 6 2 1 7 
503, 145, 228, 1372, 2, 34, 2 5 0 6 2 1 2 3 4 4 0 0 6 3 1 0 1 5 6 2 1 7 
503, 145, 228, 1372, 2, 34, 2 5 0 6 2 1 2 3 4 4 0 0 6 3 1 0 1 5 6 2 1 7 
506, 148, 235, 1365, 0, 34, 2 5 0 6 2 1 2 3 4 4 0 0 6 3 1 0 1 5 6 2 1 7 
506, 148, 235, 1365, 0, 34, 2 5 0 6 2 1 2 3 4 4 0 0 6 3 1 0 1 5 6 2 1 7 
506, 148, 235, 1365, 0, 34, 2 5 0 6 2 1 2 3 4 4 0 0 6 3 1 0 1 5 6 2 1 7 
509, 139, 238, 1362, 1, 34, 2 5 0 6 2 1 2 3 4 4 0 0 6 3 1 0 1 5 6 2 1 7 
509, 139, 238, 1362, 1, 34, 2 5 0 6 2 1 2 3 4 4 0 0 6 3 1 0 1 5 6 2 1 7 
509, 139, 238, 1362, 1, 34, 2 5 0 6 2 1 2 3 4 4 0 0 6 3 1 0 1 5 6 2 1 7 
511, 140, 235, 1365, 32, 34, 2 5 0 6 2 1 2 3 4 4 0 0 6 3 1 0 1 5 6 2 1 7 
511, 140, 235, 1365, 32, 34, 2 5 0 6 2 1 2 3 4 4 0 0 6 3 1 0 1 5 6 2 1 7 
514, 133, 234, 1366, 27, 35, 2 5 0 6 2 1 2 3 4 4 0 0 6 3 1 0 1 5 6 2 1 7 
514, 133, 234, 1366, 27, 35, 2 5 0 6 2 1 2 3 4 4 0 0 6 3 1 0 1 5 6 2 1 7 
514, 133, 234, 1366, 27, 35, 2 5 0 6 2 1 2 3 4 4 0 0 6 3 1 0 1 5 6 2 1 7 
516, 130, 236, 1364, 1, 35, 2 5 0 6 2 1 2 3 4 4 0 0 6 3 1 0 1 5 6 2 1 7 
517, 131, 229, 1371, 0, 35, 2 5 0 6 2 1 2 3 4 4 0 0 6 3 1 0 1 5 6 2 1 7 
519, 131, 235, 1365, 1, 35, 2 5 0 6 2 1 2 3 4 4 0 0 6 3 1 0 1 5 6 2 1 7 
519, 131, 235, 1365, 1, 35, 2 5 0 6 2 1 2 3 4 4 0 0 6 3 1 0 1 5 6 2 1 7 
520, 134, 237, 1363, 6, 35, 2 5 0 6 2 1 2 3 4 4 0 0 6 3 1 0 1 5 6 2 1 7 
522, 136, 238, 1362, 8, 35, 2 5 0 6 2 1 2 3 4 4 0 0 6 3 1 0 1 5 6 2 1 7 
522, 136, 238, 1362, 8, 35, 2 5 0 6 2 1 2 3 4 4 0 0 6 3 1 0 1 5 6 2 1 7 
522, 136, 238, 1362, 8, 35, 2 5 0 6 2 1 2 3 4 4 0 0 6 3 1 0 1 5 6 2 1 7 
525, 134, 240, 1360, 1, 35, 2 5 0 6 2 1 2 3 4 4 0 0 6 3 1 0 1 5 6 2 1 7 
525, 134, 240, 1360, 1, 35, 2 5 0 6 2 1 2 3 4 4 0 0 6 3 1 0 1 5 6 2 1 7 
527, 130, 241, 1359, 1, 35, 2 5 0 6 2 1 2 3 4 4 0 0 6 3 1 0 1 5 6 2 1 7 
527, 130, 241, 1359, 1, 35, 2 5 0 6 2 1 2 3 4 4 0 0 6 3 1 0 1 5 6 2 1 7 
527, 130, 241, 1359, 1, 35, 2 5 0 6 2 1 2 3 4 4 0 0 6 3 1 0 1 5 6 2 1 7 
530, 129, 236, 1364, 2, 35, 2 5 0 6 2 1 2 3 4 4 0 0 6 3 1 0 1 5 6 2 1 7 
530, 129, 236, 1364, 2, 35, 2 5 0 6 2 1 2 3 4 4 0 0 6 3 1 0 1 5 6 2 1 7 
530, 129, 236, 1364, 2, 35, 2 5 0 6 2 1 2 3 4 4 0 0 6 3 1 0 1 5 6 2 1 7 
533, 129, 237, 1363, 27, 35, 2 5 0 6 2 1 2 3 4 4 0 0 6 3 1 0 1 5 6 2 1 7 
533, 129, 237, 1363, 27, 35, 2 5 0 6 2 1 2 3 4 4 0 0 6 3 1 0 1 5 6 2 1 7 
533, 129, 237, 1363, 27, 35, 2 5 0 6 2 1 2 3 4 4 0 0 6 3 1 0 1 5 6 2 1 7 
536, 122, 242, 1358, 1, 35, 2 5 0 6 2 1 2 3 4 4 0 0 6 3 1 0 1 5 6 2 1 7 
536, 122, 242, 1358, 1, 35, 2 5 0 6 2 1 2 3 4 4 0 0 6 3 1 0 1 5 6 2 1 7 
536, 122, 242, 1358, 1, 35, 2 5 0 6 2 1 2 3 4 4 0 0 6 3 1 0 1 5 6 2 1 7 
538, 122, 240, 1360, 1, 35, 2 5 0 6 2 1 2 3 4 4 0 0 6 3 1 0 1 5 6 2 1 7 
538, 122, 240, 1360, 1, 35, 2 5 0 6 2 1 2 3 4 4 0 0 6 3 1 0 1 5 6 2 1 7 
541, 118, 229, 1371, 0, 35, 2 5 0 6 2 1 2 3 4 4 0 0 6 3 1 0 1 5 6 2 1 7 
541, 118, 229, 1371, 0, 35, 2 5 0 6 2 1 2 3 4 4 0 0 6 3 1 0 1 5 6 2 1 7 
541, 118, 229, 1371, 0, 35, 2 5 0 6 2 1 2 3 4 4 0 0 6 3 1 0 1 5 6 2 1 7 
544, 110, 234, 1366, 0, 35, 2 5 0 6 2 1 2 3 4 4 0 0 6 3 1 0 1 5 6 2 1 7 
544, 110, 234, 1366, 0, 35, 2 5 0 6 2 1 2 3 4 4 0 0 6 3 1 0 1 5 6 2 1 7 
544, 110, 234, 1366, 0, 35, 2 5 0 6 2 1 2 3 4 4 0 0 6 3 1 0 1 5 6 2 1 7 
547, 111, 240, 1360, 39, 35, 2 5 0 6 2 1 2 3 4 4 0 0 6 3 1 0 1 5 6 2 1 7 
547, 111, 240, 1360, 39, 35, 2 5 0 6 2 1 2 3 4 4 0 0 6 3 1 0 1 5 6 2 1 7 
547, 111, 240, 1360, 39, 35, 2 5 0 6 2 1 2 3 4 4 0 0 6 3 1 0 1 5 6 2 1 7 
550, 115, 242, 1358, 0, 35, 2 5 0 6 2 1 2 3 4 4 0 0 6 3 1 0 1 5 6 2 1 7 
550, 115, 242, 1358, 0, 35, 2 5 0 6 2 1 2 3 4 4 0 0 6 3 1 0 1 5 6 2 1 7 
550, 115, 242, 1358, 0, 35, 2 5 0 6 2 1 2 3 4 4 0 0 6 3 1 0 1 5 6 2 1 7 
552, 117, 249, 1351, 0, 35, 2 5 0 6 2 1 2 3 4 4 0 0 6 3 1 0 1 5 6 2 1 7 
553, 116, 250, 1350, 0, 35, 2 5 0 6 2 1 2 3 4 4 0 0 6 3 1 0 1 5 6 2 1 7 
555, 114, 242, 1358, 8, 35, 2 5 0 6 2 1 2 3 4 4 0 0 6 3 1 0 1 5 6 2 1 7 
555, 114, 242, 1358, 8, 35, 2 5 0 6 2 1 2 3 4 4 0 0 6 3 1 0 1 5 6 2 1 7 
556, 114, 245, 1355, 1, 35, 2 5 0 6 2 1 2 3 4 4 0 0 6 3 1 0 1 5 6 2 1 7 
558, 107, 246, 1354, 33, 35, 2 5 0 6 2 1 2 3 4 4 0 0 6 3 1 0 1 5 6 2 1 7 
558, 107, 246, 1354, 33, 35, 2 5 0 6 2 1 2 3 4 4 0 0 6 3 1 0 1 5 6 2 1 7 
558, 107, 246, 1354, 33, 35, 2 5 0 6 2 1 2 3 4 4 0 0 6 3 1 0 1 5 6 2 1 7 
561, 105, 247, 1353, 7, 35, 2 5 0 6 2 1 2 3 4 4 0 0 6 3 1 0 1 5 6 2 1 7 
561, 105, 247, 1353, 7, 35, 2 5 0 6 2 1 2 3 4 4 0 0 6 3 1 0 1 5 6 2 1 7 
561, 105, 247, 1353, 7, 35, 2 5 0 6 2 1 2 3 4 4 0 0 6 3 1 0 1 5 6 2 1 7 
564, 108, 257, 1343, 1, 35, 2 5 0 6 2 1 2 3 4 4 0 0 6 3 1 0 1 5 6 2 1 7 
564, 108, 257, 1343, 1, 35, 2 5 0 6 2 1 2 3 4 4 0 0 6 3 1 0 1 5 6 2 1 7 
564, 108, 257, 1343, 1, 35, 2 5 0 6 2 1 2 3 4 4 0 0 6 3 1 0 1 5 6 2 1 7 
567, 110, 251, 1349, 2, 35, 2 5 0 6 2 1 2 3 4 4 0 0 6 3 1 0 1 5 6 2 1 7 
567, 110, 251, 1349, 2, 35, 2 5 0 6 2 1 2 3 4 4 0 0 6 3 1 0 1 5 6 2 1 7 
567, 110, 251, 1349, 2, 35, 2 5 0 6 2 1 2 3 4 4 0 0 6 3 1 0 1 5 6 2 1 7 
570, 115, 258, 1342, 8, 35, 2 5 0 6 2 1 2 3 4 4 0 0 6 3 1 0 1 5 6 2 1 7 
570, 115, 258, 1342, 8, 35, 2 5 0 6 2 1 2 3 4 4 0 0 6 3 1 0 1 5 6 2 1 7 
570, 115, 258, 1342, 8, 35, 2 5 0 6 2 1 2 3 4 4 0 0 6 3 1 0 1 5 6 2 1 7 
573, 118, 255, 1345, 9, 35, 2 5 0 6 2 1 2 3 4 4 0 0 6 3 1 0 1 5 6 2 1 7 
573, 118, 255, 1345, 9, 35, 2 5 0 6 2 1 2 3 4 4 0 0 6 3 1 0 1 5 6 2 1 7 
573, 118, 255, 1345, 9, 35, 2 5 0 6 2 1 2 3 4 4 0 0 6 3 1 0 1 5 6 2 1 7 
576, 119, 254, 1346, 0, 35, 2 5 0 6 2 1 2 3 4 4 0 0 6 3 1 0 1 5 6 2 1 7 
576, 119, 254, 1346, 0, 35, 2 5 0 6 2 1 2 3 4 4 0 0 6 3 1 0 1 5 6 2 1 7 
576, 119, 254, 1346, 0, 35, 2 5 0 6 2 1 2 3 4 4 0 0 6 3 1 0 1 5 6 2 1 7 
579, 122, 257, 1343, 0, 35, 2 5 0 6 2 1 2 3 4 4 0 0 6 3 1 0 1 5 6 2 1 7 
579, 122, 257, 1343, 0, 35, 2 5 0 6 2 1 2 3 4 4 0 0 6 3 1 0 1 5 6 2 1 7 
579, 122, 257, 1343, 0, 35, 2 5 0 6 2 1 2 3 4 4 0 0 6 3 1 0 1 5 6 2 1 7 
582, 131, 261, 1339, 0, 35, 2 5 0 6 2 1 2 3 4 4 0 0 6 3 1 0 1 5 6 2 1 7 
582, 131, 261, 1339, 0, 35, 2 5 0 6 2 1 2 3 4 4 0 0 6 3 1 0 1 5 6 2 1 7 
582, 131, 261, 1339, 0, 35, 2 5 0 6 2 1 2 3 4 4 0 0 6 3 1 0 1 5 6 2 1 7 
585, 133, 256, 1344, 1, 35, 2 5 0 6 2 1 2 3 4 4 0 0 6 3 1 0 1 5 6 2 1 7 
585, 133, 256, 1344, 1, 35, 2 5 0 6 2 1 2 3 4 4 0 0 6 3 1 0 1 5 6 2 1 7 
585, 133, 256, 1344, 1, 35, 2 5 0 6 2 1 2 3 4 4 0 0 6 3 1 0 1 5 6 2 1 7 
588, 129, 250, 1350, 8, 35, 2 5 0 6 2 1 2 3 4 4 0 0 6 3 1 0 1 5 6 2 1 7 
588, 129, 250, 1350, 8, 35, 2 5 0 6 2 1 2 3 4 4 0 0 6 3 1 0 1 5 6 2 1 7 
588, 129, 250, 1350, 8, 35, 2 5 0 6 2 1 2 3 4 4 0 0 6 3 1 0 1 5 6 2 1 7 
591, 125, 254, 1346, 6, 36, 2 5 0 6 2 1 2 3 4 4 0 0 6 3 1 0 1 5 6 2 1 7 
591, 125, 254, 1346, 6, 36, 2 5 0 6 2 1 2 3 4 4 0 0 6 3 1 0 1 5 6 2 1 7 
591, 125, 254, 1346, 6, 36, 2 5 0 6 2 1 2 3 4 4 0 0 6 3 1 0 1 5 6 2 1 7 
594, 122, 257, 1343, 7, 36, 2 5 0 6 2 1 2 3 4 4 0 0 6 3 1 0 1 5 6 2 1 7 
594, 122, 257, 1343, 7, 36, 2 5 0 6 2 1 2 3 4 4 0 0 6 3 1 0 1 5 6 2 1 7 
594, 122, 257, 1343, 7, 36, 2 5 0 6 2 1 2 3 4 4 0 0 6 3 1 0 1 5 6 2 1 7 
597, 127, 249, 1351, 2, 35, 2 5 0 6 2 1 2 3 4 4 0 0 6 3 1 0 1 5 6 2 1 7 
597, 127, 249, 1351, 2, 35, 2 5 0 6 2 1 2 3 4 4 0 0 6 3 1 0 1 5 6 2 1 7 
597, 127, 249, 1351, 2, 35, 2 5 0 6 2 1 2 3 4 4 0 0 6 3 1 0 1 5 6 2 1 7 
600, 127, 252, 1348, 2, 36, 2 5 0 6 2 1 2 3 4 4 0 0 6 3 1 0 1 5 6 2 1 7 
600, 127, 252, 1348, 2, 36, 2 5 0 6 2 1 2 3 4 4 0 0 6 3 1 0 1 5 6 2 1 7 
600, 127, 252, 1348, 2, 36, 2 5 0 6 2 1 2 3 4 4 0 0 6 3 1 0 1 5 6 2 1 7 
603, 126, 255, 1345, 3, 36, 2 5 0 6 2 1 2 3 4 4 0 0 6 3 1 0 1 5 6 2 1 7 
603, 126, 255, 1345, 3, 36, 2 5 0 6 2 1 2 3 4 4 0 0 6 3 1 0 1 5 6 2 1 7 
604, 126, 254, 1346, 1, 36, 2 5 0 6 2 1 2 3 4 4 0 0 6 3 1 0 1 5 6 2 1 7 
607, 121, 254, 1346, 0, 36, 2 5 0 6 2 1 2 3 4 4 0 0 6 3 1 0 1 5 6 2 1 7 
607, 121, 254, 1346, 0, 36, 2 5 0 6 2 1 2 3 4 4 0 0 6 3 1 0 1 5 6 2 1 7 
607, 121, 254, 1346, 0, 36, 2 5 0 6 2 1 2 3 4 4 0 0 6 3 1 0 1 5 6 2 1 7 
607, 121, 254, 1346, 0, 36, 2 5 0 6 2 1 2 3 4 4 0 0 6 3 1 0 1 5 6 2 1 7 
610, 120, 237, 1363, 1, 36, 2 5 0 6 2 1 2 3 4 4 0 0 6 3 1 0 1 5 6 2 1 7 
610, 120, 237, 1363, 1, 36, 2 5 0 6 2 1 2 3 4 4 0 0 6 3 1 0 1 5 6 2 1 7 
613, 116, 247, 1353, 6, 35, 2 5 0 6 2 1 2 3 4 4 0 0 6 3 1 0 1 5 6 2 1 7 
613, 116, 247, 1353, 6, 35, 2 5 0 6 2 1 2 3 4 4 0 0 6 3 1 0 1 5 6 2 1 7 
613, 116, 247, 1353, 6, 35, 2 5 0 6 2 1 2 3 4 4 0 0 6 3 1 0 1 5 6 2 1 7 
613, 116, 247, 1353, 6, 35, 2 5 0 6 2 1 2 3 4 4 0 0 6 3 1 0 1 5 6 2 1 7 
616, 121, 248, 1352, 3, 36, 2 5 0 6 2 1 2 3 4 4 0 0 6 3 1 0 1 5 6 2 1 7 
616, 121, 248, 1352, 3, 36, 2 5 0 6 2 1 2 3 4 4 0 0 6 3 1 0 1 5 6 2 1 7 
616, 121, 248, 1352, 3, 36, 2 5 0 6 2 1 2 3 4 4 0 0 6 3 1 0 1 5 6 2 1 7 
619, 122, 236, 1364, 0, 35, 2 5 0 6 2 1 2 3 4 4 0 0 6 3 1 0 1 5 6 2 1 7 
619, 122, 236, 1364, 0, 35, 2 5 0 6 2 1 2 3 4 4 0 0 6 3 1 0 1 5 6 2 1 7 
619, 122, 236, 1364, 0, 35, 2 5 0 6 2 1 2 3 4 4 0 0 6 3 1 0 1 5 6 2 1 7 
622, 123, 233, 1367, 5, 35, 2 5 0 6 2 1 2 3 4 4 0 0 6 3 1 0 1 5 6 2 1 7 
622, 123, 233, 1367, 5, 35, 2 5 0 6 2 1 2 3 4 4 0 0 6 3 1 0 1 5 6 2 1 7 
623, 122, 234, 1366, 0, 35, 2 5 0 6 2 1 2 3 4 4 0 0 6 3 1 0 1 5 6 2 1 7 
626, 130, 226, 1374, 0, 35, 2 5 0 6 2 1 2 3 4 4 0 0 6 3 1 0 1 5 6 2 1 7 
626, 130, 226, 1374, 0, 35, 2 5 0 6 2 1 2 3 4 4 0 0 6 3 1 0 1 5 6 2 1 7 
626, 130, 226, 1374, 0, 35, 2 5 0 6 2 1 2 3 4 4 0 0 6 3 1 0 1 5 6 2 1 7 
626, 130, 226, 1374, 0, 35, 2 5 0 6 2 1 2 3 4 4 0 0 6 3 1 0 1 5 6 2 1 7 
629, 136, 223, 1377, 1, 36, 2 5 0 6 2 1 2 3 4 4 0 0 6 3 1 0 1 5 6 2 1 7 
629, 136, 223, 1377, 1, 36, 2 5 0 6 2 1 2 3 4 4 0 0 6 3 1 0 1 5 6 2 1 7 
629, 136, 223, 1377, 1, 36, 2 5 0 6 2 1 2 3 4 4 0 0 6 3 1 0 1 5 6 2 1 7 
632, 135, 225, 1375, 7, 36, 2 5 0 6 2 1 2 3 4 4 0 0 6 3 1 0 1 5 6 2 1 7 
632, 135, 225, 1375, 7, 36, 2 5 0 6 2 1 2 3 4 4 0 0 6 3 1 0 1 5 6 2 1 7 
632, 135, 225, 1375, 7, 36, 2 5 0 6 2 1 2 3 4 4 0 0 6 3 1 0 1 5 6 2 1 7 
635, 132, 227, 1373, 1, 36, 2 5 0 6 2 1 2 3 4 4 0 0 6 3 1 0 1 5 6 2 1 7 
635, 132, 227, 1373, 1, 36, 2 5 0 6 2 1 2 3 4 4 0 0 6 3 1 0 1 5 6 2 1 7 
636, 131, 225, 1375, 0, 36, 2 5 0 6 2 1 2 3 4 4 0 0 6 3 1 0 1 5 6 2 1 7 
639, 132, 226, 1374, 1, 36, 2 5 0 6 2 1 2 3 4 4 0 0 6 3 1 0 1 5 6 2 1 7 
639, 132, 226, 1374, 1, 36, 2 5 0 6 2 1 2 3 4 4 0 0 6 3 1 0 1 5 6 2 1 7 
639, 132, 226, 1374, 1, 36, 2 5 0 6 2 1 2 3 4 4 0 0 6 3 1 0 1 5 6 2 1 7 
639, 132, 226, 1374, 1, 36, 2 5 0 6 2 1 2 3 4 4 0 0 6 3 1 0 1 5 6 2 1 7 
642, 131, 232, 1368, 0, 36, 2 5 0 6 2 1 2 3 4 4 0 0 6 3 1 0 1 5 6 2 1 7 
642, 131, 232, 1368, 0, 36, 2 5 0 6 2 1 2 3 4 4 0 0 6 3 1 0 1 5 6 2 1 7 
642, 131, 232, 1368, 0, 36, 2 5 0 6 2 1 2 3 4 4 0 0 6 3 1 0 1 5 6 2 1 7 
645, 132, 236, 1364, 0, 36, 2 5 0 6 2 1 2 3 4 4 0 0 6 3 1 0 1 5 6 2 1 7 
646, 134, 236, 1364, 0, 36, 2 5 0 6 2 1 2 3 4 4 0 0 6 3 1 0 1 5 6 2 1 7 
646, 134, 236, 1364, 0, 36, 2 5 0 6 2 1 2 3 4 4 0 0 6 3 1 0 1 5 6 2 1 7 
649, 133, 236, 1364, 0, 36, 2 5 0 6 2 1 2 3 4 4 0 0 6 3 1 0 1 5 6 2 1 7 
649, 133, 236, 1364, 0, 36, 2 5 0 6 2 1 2 3 4 4 0 0 6 3 1 0 1 5 6 2 1 7 
649, 133, 236, 1364, 0, 36, 2 5 0 6 2 1 2 3 4 4 0 0 6 3 1 0 1 5 6 2 1 7 
649, 133, 236, 1364, 0, 36, 2 5 0 6 2 1 2 3 4 4 0 0 6 3 1 0 1 5 6 2 1 7 
652, 129, 235, 1365, 4, 36, 2 5 0 6 2 1 2 3 4 4 0 0 6 3 1 0 1 5 6 2 1 7 
652, 129, 235, 1365, 4, 36, 2 5 0 6 2 1 2 3 4 4 0 0 6 3 1 0 1 5 6 2 1 7 
652, 129, 235, 1365, 4, 36, 2 5 0 6 2 1 2 3 4 4 0 0 6 3 1 0 1 5 6 2 1 7 
656, 115, 241, 1359, 0, 36, 2 5 0 6 2 1 2 3 4 4 0 0 6 3 1 0 1 5 6 2 1 7 
656, 115, 241, 1359, 0, 36, 2 5 0 6 2 1 2 3 4 4 0 0 6 3 1 0 1 5 6 2 1 7 
656, 115, 241, 1359, 0, 36, 2 5 0 6 2 1 2 3 4 4 0 0 6 3 1 0 1 5 6 2 1 7 
656, 115, 241, 1359, 0, 36, 2 5 0 6 2 1 2 3 4 4 0 0 6 3 1 0 1 5 6 2 1 7 
659, 111, 243, 1357, 4, 37, 2 5 0 6 2 1 2 3 4 4 0 0 6 3 1 0 1 5 6 2 1 7 
659, 111, 243, 1357, 4, 37, 2 5 0 6 2 1 2 3 4 4 0 0 6 3 1 0 1 5 6 2 1 7 
659, 111, 243, 1357, 4, 37, 2 5 0 6 2 1 2 3 4 4 0 0 6 3 1 0 1 5 6 2 1 7 
663, 110, 247, 1353, 4, 38, 2 5 0 6 2 1 2 3 4 4 0 0 6 3 1 0 1 5 6 2 1 7 
663, 110, 247, 1353, 4, 38, 2 5 0 6 2 1 2 3 4 4 0 0 6 3 1 0 1 5 6 2 1 7 
663, 110, 247, 1353, 4, 38, 2 5 0 6 2 1 2 3 4 4 0 0 6 3 1 0 1 5 6 2 1 7 
663, 110, 247, 1353, 4, 38, 2 5 0 6 2 1 2 3 4 4 0 0 6 3 1 0 1 5 6 2 1 7 
666, 112, 245, 1355, 2, 38, 2 5 0 6 2 1 2 3 4 4 0 0 6 3 1 0 1 5 6 2 1 7 
666, 112, 245, 1355, 2, 38, 2 5 0 6 2 1 2 3 4 4 0 0 6 3 1 0 1 5 6 2 1 7 
666, 112, 245, 1355, 2, 38, 2 5 0 6 2 1 2 3 4 4 0 0 6 3 1 0 1 5 6 2 1 7 
670, 113, 241, 1359, 0, 38, 2 5 0 6 2 1 2 3 4 4 0 0 6 3 1 0 1 5 6 2 1 7 
670, 113, 241, 1359, 0, 38, 2 5 0 6 2 1 2 3 4 4 0 0 6 3 1 0 1 5 6 2 1 7 
670, 113, 241, 1359, 0, 38, 2 5 0 6 2 1 2 3 4 4 0 0 6 3 1 0 1 5 6 2 1 7 
670, 113, 241, 1359, 0, 38, 2 5 0 6 2 1 2 3 4 4 0 0 6 3 1 0 1 5 6 2 1 7 
673, 112, 247, 1353, 2, 38, 2 5 0 6 2 1 2 3 4 4 0 0 6 3 1 0 1 5 6 2 1 7 
673, 112, 247, 1353, 2, 38, 2 5 0 6 2 1 2 3 4 4 0 0 6 3 1 0 1 5 6 2 1 7 
673, 112, 247, 1353, 2, 38, 2 5 0 6 2 1 2 3 4 4 0 0 6 3 1 0 1 5 6 2 1 7 
676, 112, 246, 1354, 0, 38, 2 5 0 6 2 1 2 3 4 4 0 0 6 3 1 0 1 5 6 2 1 7 
676, 112, 246, 1354, 0, 38, 2 5 0 6 2 1 2 3 4 4 0 0 6 3 1 0 1 5 6 2 1 7 
677, 107, 254, 1346, 3, 38, 2 5 0 6 2 1 2 3 4 4 0 0 6 3 1 0 1 5 6 2 1 7 
680, 104, 242, 1358, 4, 38, 2 5 0 6 2 1 2 3 4 4 0 0 6 3 1 0 1 5 6 2 1 7 
680, 104, 242, 1358, 4, 38, 2 5 0 6 2 1 2 3 4 4 0 0 6 3 1 0 1 5 6 2 1 7 
680, 104, 242, 1358, 4, 38, 2 5 0 6 2 1 2 3 4 4 0 0 6 3 1 0 1 5 6 2 1 7 
680, 104, 242, 1358, 4, 38, 2 5 0 6 2 1 2 3 4 4 0 0 6 3 1 0 1 5 6 2 1 7 
683, 107, 244, 1356, 2, 38, 2 5 0 6 2 1 2 3 4 4 0 0 6 3 1 0 1 5 6 2 1 7 
684, 110, 253, 1347, 2, 38, 2 5 0 6 2 1 2 3 4 4 0 0 6 3 1 0 1 5 6 2 1 7 
684, 110, 253, 1347, 2, 38, 2 5 0 6 2 1 2 3 4 4 0 0 6 3 1 0 1 5 6 2 1 7 
687, 113, 255, 1345, 2, 38, 2 5 0 6 2 1 2 3 4 4 0 0 6 3 1 0 1 5 6 2 1 7 
687, 113, 255, 1345, 2, 38, 2 5 0 6 2 1 2 3 4 4 0 0 6 3 1 0 1 5 6 2 1 7 
687, 113, 255, 1345, 2, 38, 2 5 0 6 2 1 2 3 4 4 0 0 6 3 1 0 1 5 6 2 1 7 
687, 113, 255, 1345, 2, 38, 2 5 0 6 2 1 2 3 4 4 0 0 6 3 1 0 1 5 6 2 1 7 
691, 115, 261, 1339, 1, 38, 2 5 0 6 2 1 2 3 4 4 0 0 6 3 1 0 1 5 6 2 1 7 
691, 115, 261, 1339, 1, 38, 2 5 0 6 2 1 2 3 4 4 0 0 6 3 1 0 1 5 6 2 1 7 
691, 115, 261, 1339, 1, 38, 2 5 0 6 2 1 2 3 4 4 0 0 6 3 1 0 1 5 6 2 1 7 
694, 116, 264, 1336, 16, 38, 2 5 0 6 2 1 2 3 4 4 0 0 6 3 1 0 1 5 6 2 1 7 
694, 116, 264, 1336, 16, 38, 2 5 0 6 2 1 2 3 4 4 0 0 6 3 1 0 1 5 6 2 1 7 
694, 116, 264, 1336, 16, 38, 2 5 0 6 2 1 2 3 4 4 0 0 6 3 1 0 1 5 6 2 1 7 
694, 116, 264, 1336, 16, 38, 2 5 0 6 2 1 2 3 4 4 0 0 6 3 1 0 1 5 6 2 1 7 
698, 115, 254, 1346, 3, 38, 2 5 0 6 2 1 2 3 4 4 0 0 6 3 1 0 1 5 6 2 1 7 
698, 115, 254, 1346, 3, 38, 2 5 0 6 2 1 2 3 4 4 0 0 6 3 1 0 1 5 6 2 1 7 
698, 115, 254, 1346, 3, 38, 2 5 0 6 2 1 2 3 4 4 0 0 6 3 1 0 1 5 6 2 1 7 
701, 115, 258, 1342, 20, 38, 2 5 0 6 2 1 2 3 4 4 0 0 6 3 1 0 1 5 6 2 1 7 
701, 115, 258, 1342, 20, 38, 2 5 0 6 2 1 2 3 4 4 0 0 6 3 1 0 1 5 6 2 1 7 
701, 115, 258, 1342, 20, 38, 2 5 0 6 2 1 2 3 4 4 0 0 6 3 1 0 1 5 6 2 1 7 
702, 114, 257, 1343, 0, 38, 2 5 0 6 2 1 2 3 4 4 0 0 6 3 1 0 1 5 6 2 1 7 
705, 119, 260, 1340, 0, 38, 2 5 0 6 2 1 2 3 4 4 0 0 6 3 1 0 1 5 6 2 1 7 
705, 119, 260, 1340, 0, 38, 2 5 0 6 2 1 2 3 4 4 0 0 6 3 1 0 1 5 6 2 1 7 
705, 119, 260, 1340, 0, 38, 2 5 0 6 2 1 2 3 4 4 0 0 6 3 1 0 1 5 6 2 1 7 
705, 119, 260, 1340, 0, 38, 2 5 0 6 2 1 2 3 4 4 0 0 6 3 1 0 1 5 6 2 1 7 
708, 120, 263, 1337, 3, 38, 2 5 0 6 2 1 2 3 4 4 0 0 6 3 1 0 1 5 6 2 1 7 
709, 121, 260, 1340, 3, 38, 2 5 0 6 2 1 2 3 4 4 0 0 6 3 1 0 1 5 6 2 1 7 
709, 121, 260, 1340, 3, 38, 2 5 0 6 2 1 2 3 4 4 0 0 6 3 1 0 1 5 6 2 1 7 
712, 121, 259, 1341, 4, 39, 2 5 0 6 2 1 2 3 4 4 0 0 6 3 1 0 1 5 6 2 1 7 
712, 121, 259, 1341, 4, 39, 2 5 0 6 2 1 2 3 4 4 0 0 6 3 1 0 1 5 6 2 1 7 
712, 121, 259, 1341, 4, 39, 2 5 0 6 2 1 2 3 4 4 0 0 6 3 1 0 1 5 6 2 1 7 
713, 125, 259, 1341, 4, 39, 2 5 0 6 2 1 2 3 4 4 0 0 6 3 1 0 1 5 6 2 1 7 
716, 133, 256, 1344, 0, 39, 2 5 0 6 2 1 2 3 4 4 0 0 6 3 1 0 1 5 6 2 1 7 
716, 133, 256, 1344, 0, 39, 2 5 0 6 2 1 2 3 4 4 0 0 6 3 1 0 1 5 6 2 1 7 
716, 133, 256, 1344, 0, 39, 2 5 0 6 2 1 2 3 4 4 0 0 6 3 1 0 1 5 6 2 1 7 
716, 133, 256, 1344, 0, 39, 2 5 0 6 2 1 2 3 4 4 0 0 6 3 1 0 1 5 6 2 1 7 
719, 134, 247, 1353, 1, 39, 2 5 0 6 2 1 2 3 4 4 0 0 6 3 1 0 1 5 6 2 1 7 
720, 134, 244, 1356, 4, 39, 2 5 0 6 2 1 2 3 4 4 0 0 6 3 1 0 1 5 6 2 1 7 
720, 134, 244, 1356, 4, 39, 2 5 0 6 2 1 2 3 4 4 0 0 6 3 1 0 1 5 6 2 1 7 
723, 136, 243, 1357, 1, 39, 2 5 0 6 2 1 2 3 4 4 0 0 6 3 1 0 1 5 6 2 1 7 
723, 136, 243, 1357, 1, 39, 2 5 0 6 2 1 2 3 4 4 0 0 6 3 1 0 1 5 6 2 1 7 
723, 136, 243, 1357, 1, 39, 2 5 0 6 2 1 2 3 4 4 0 0 6 3 1 0 1 5 6 2 1 7 
723, 136, 243, 1357, 1, 39, 2 5 0 6 2 1 2 3 4 4 0 0 6 3 1 0 1 5 6 2 1 7 
727, 134, 244, 1356, 0, 39, 2 5 0 6 2 1 2 3 4 4 0 0 6 3 1 0 1 5 6 2 1 7 
727, 134, 244, 1356, 0, 39, 2 5 0 6 2 1 2 3 4 4 0 0 6 3 1 0 1 5 6 2 1 7 
727, 134, 244, 1356, 0, 39, 2 5 0 6 2 1 2 3 4 4 0 0 6 3 1 0 1 5 6 2 1 7 
727, 134, 244, 1356, 0, 39, 2 5 0 6 2 1 2 3 4 4 0 0 6 3 1 0 1 5 6 2 1 7 
730, 126, 250, 1350, 2, 39, 2 5 0 6 2 1 2 3 4 4 0 0 6 3 1 0 1 5 6 2 1 7 
730, 126, 250, 1350, 2, 39, 2 5 0 6 2 1 2 3 4 4 0 0 6 3 1 0 1 5 6 2 1 7 
730, 126, 250, 1350, 2, 39, 2 5 0 6 2 1 2 3 4 4 0 0 6 3 1 0 1 5 6 2 1 7 
734, 113, 255, 1345, 24, 39, 2 5 0 6 2 1 2 3 4 4 0 0 6 3 1 0 1 5 6 2 1 7 
734, 113, 255, 1345, 24, 39, 2 5 0 6 2 1 2 3 4 4 0 0 6 3 1 0 1 5 6 2 1 7 
734, 113, 255, 1345, 24, 39, 2 5 0 6 2 1 2 3 4 4 0 0 6 3 1 0 1 5 6 2 1 7 
734, 113, 255, 1345, 24, 39, 2 5 0 6 2 1 2 3 4 4 0 0 6 3 1 0 1 5 6 2 1 7 
738, 116, 262, 1338, 3, 39, 2 5 0 6 2 1 2 3 4 4 0 0 6 3 1 0 1 5 6 2 1 7 
738, 116, 262, 1338, 3, 39, 2 5 0 6 2 1 2 3 4 4 0 0 6 3 1 0 1 5 6 2 1 7 
738, 116, 262, 1338, 3, 39, 2 5 0 6 2 1 2 3 4 4 0 0 6 3 1 0 1 5 6 2 1 7 
738, 116, 262, 1338, 3, 39, 2 5 0 6 2 1 2 3 4 4 0 0 6 3 1 0 1 5 6 2 1 7 
742, 115, 254, 1346, 4, 39, 2 5 0 6 2 1 2 3 4 4 0 0 6 3 1 0 1 5 6 2 1 7 
742, 115, 254, 1346, 4, 39, 2 5 0 6 2 1 2 3 4 4 0 0 6 3 1 0 1 5 6 2 1 7 
742, 115, 254, 1346, 4, 39, 2 5 0 6 2 1 2 3 4 4 0 0 6 3 1 0 1 5 6 2 1 7 
745, 117, 257, 1343, 0, 39, 2 5 0 6 2 1 2 3 4 4 0 0 6 3 1 0 1 5 6 2 1 7 
746, 116, 258, 1342, 1, 39, 2 5 0 6 2 1 2 3 4 4 0 0 6 3 1 0 1 5 6 2 1 7 
746, 116, 258, 1342, 1, 39, 2 5 0 6 2 1 2 3 4 4 0 0 6 3 1 0 1 5 6 2 1 7 
746, 116, 258, 1342, 1, 39, 2 5 0 6 2 1 2 3 4 4 0 0 6 3 1 0 1 5 6 2 1 7 
749, 118, 261, 1339, 3, 40, 2 5 0 6 2 1 2 3 4 4 0 0 6 3 1 0 1 5 6 2 1 7 
749, 118, 261, 1339, 3, 40, 2 5 0 6 2 1 2 3 4 4 0 0 6 3 1 0 1 5 6 2 1 7 
750, 119, 265, 1335, 3, 40, 2 5 0 6 2 1 2 3 4 4 0 0 6 3 1 0 1 5 6 2 1 7 
750, 119, 265, 1335, 3, 40, 2 5 0 6 2 1 2 3 4 4 0 0 6 3 1 0 1 5 6 2 1 7 
753, 123, 259, 1341, 1, 40, 2 5 0 6 2 1 2 3 4 4 0 0 6 3 1 0 1 5 6 2 1 7 
753, 123, 259, 1341, 1, 40, 2 5 0 6 2 1 2 3 4 4 0 0 6 3 1 0 1 5 6 2 1 7 
753, 123, 259, 1341, 1, 40, 2 5 0 6 2 1 2 3 4 4 0 0 6 3 1 0 1 5 6 2 1 7 
754, 121, 261, 1339, 0, 40, 2 5 0 6 2 1 2 3 4 4 0 0 6 3 1 0 1 5 6 2 1 7 
757, 118, 248, 1352, 7, 40, 2 5 0 6 2 1 2 3 4 4 0 0 6 3 1 0 1 5 6 2 1 7 
757, 118, 248, 1352, 7, 40, 2 5 0 6 2 1 2 3 4 4 0 0 6 3 1 0 1 5 6 2 1 7 
757, 118, 248, 1352, 7, 40, 2 5 0 6 2 1 2 3 4 4 0 0 6 3 1 0 1 5 6 2 1 7 
757, 118, 248, 1352, 7, 40, 2 5 0 6 2 1 2 3 4 4 0 0 6 3 1 0 1 5 6 2 1 7 
761, 119, 243, 1357, 4, 40, 2 5 0 6 2 1 2 3 4 4 0 0 6 3 1 0 1 5 6 2 1 7 
761, 119, 243, 1357, 4, 40, 2 5 0 6 2 1 2 3 4 4 0 0 6 3 1 0 1 5 6 2 1 7 
761, 119, 243, 1357, 4, 40, 2 5 0 6 2 1 2 3 4 4 0 0 6 3 1 0 1 5 6 2 1 7 
761, 119, 243, 1357, 4, 40, 2 5 0 6 2 1 2 3 4 4 0 0 6 3 1 0 1 5 6 2 1 7 
765, 117, 249, 1351, 0, 40, 2 5 0 6 2 1 2 3 4 4 0 0 6 3 1 0 1 5 6 2 1 7 
765, 117, 249, 1351, 0, 40, 2 5 0 6 2 1 2 3 4 4 0 0 6 3 1 0 1 5 6 2 1 7 
765, 117, 249, 1351, 0, 40, 2 5 0 6 2 1 2 3 4 4 0 0 6 3 1 0 1 5 6 2 1 7 
765, 117, 249, 1351, 0, 40, 2 5 0 6 2 1 2 3 4 4 0 0 6 3 1 0 1 5 6 2 1 7 
769, 117, 244, 1356, 6, 40, 2 5 0 6 2 1 2 3 4 4 0 0 6 3 1 0 1 5 6 2 1 7 
769, 117, 244, 1356, 6, 40, 2 5 0 6 2 1 2 3 4 4 0 0 6 3 1 0 1 5 6 2 1 7 
769, 117, 244, 1356, 6, 40, 2 5 0 6 2 1 2 3 4 4 0 0 6 3 1 0 1 5 6 2 1 7 
769, 117, 244, 1356, 6, 40, 2 5 0 6 2 1 2 3 4 4 0 0 6 3 1 0 1 5 6 2 1 7 
773, 122, 258, 1342, 2, 40, 2 5 0 6 2 1 2 3 4 4 0 0 6 3 1 0 1 5 6 2 1 7 
773, 122, 258, 1342, 2, 40, 2 5 0 6 2 1 2 3 4 4 0 0 6 3 1 0 1 5 6 2 1 7 
773, 122, 258, 1342, 2, 40, 2 5 0 6 2 1 2 3 4 4 0 0 6 3 1 0 1 5 6 2 1 7 
773, 122, 258, 1342, 2, 40, 2 5 0 6 2 1 2 3 4 4 0 0 6 3 1 0 1 5 6 2 1 7 
777, 126, 261, 1339, 3, 40, 2 5 0 6 2 1 2 3 4 4 0 0 6 3 1 0 1 5 6 2 1 7 
777, 126, 261, 1339, 3, 40, 2 5 0 6 2 1 2 3 4 4 0 0 6 3 1 0 1 5 6 2 1 7 
777, 126, 261, 1339, 3, 40, 2 5 0 6 2 1 2 3 4 4 0 0 6 3 1 0 1 5 6 2 1 7 
777, 126, 261, 1339, 3, 40, 2 5 0 6 2 1 2 3 4 4 0 0 6 3 1 0 1 5 6 2 1 7 
781, 134, 271, 1329, 0, 40, 2 5 0 6 2 1 2 3 4 4 0 0 6 3 1 0 1 5 6 2 1 7 
781, 134, 271, 1329, 0, 40, 2 5 0 6 2 1 2 3 4 4 0 0 6 3 1 0 1 5 6 2 1 7 
781, 134, 271, 1329, 0, 40, 2 5 0 6 2 1 2 3 4 4 0 0 6 3 1 0 1 5 6 2 1 7 
781, 134, 271, 1329, 0, 40, 2 5 0 6 2 1 2 3 4 4 0 0 6 3 1 0 1 5 6 2 1 7 
785, 128, 257, 1343, 1, 40, 2 5 0 6 2 1 2 3 4 4 0 0 6 3 1 0 1 5 6 2 1 7 
785, 128, 257, 1343, 1, 40, 2 5 0 6 2 1 2 3 4 4 0 0 6 3 1 0 1 5 6 2 1 7 
785, 128, 257, 1343, 1, 40, 2 5 0 6 2 1 2 3 4 4 0 0 6 3 1 0 1 5 6 2 1 7 
785, 128, 257, 1343, 1, 40, 2 5 0 6 2 1 2 3 4 4 0 0 6 3 1 0 1 5 6 2 1 7 
789, 125, 258, 1342, 0, 40, 2 5 0 6 2 1 2 3 4 4 0 0 6 3 1 0 1 5 6 2 1 7 
789, 125, 258, 1342, 0, 40, 2 5 0 6 2 1 2 3 4 4 0 0 6 3 1 0 1 5 6 2 1 7 
789, 125, 258, 1342, 0, 40, 2 5 0 6 2 1 2 3 4 4 0 0 6 3 1 0 1 5 6 2 1 7 
789, 125, 258, 1342, 0, 40, 2 5 0 6 2 1 2 3 4 4 0 0 6 3 1 0 1 5 6 2 1 7 
793, 128, 248, 1352, 1, 40, 2 5 0 6 2 1 2 3 4 4 0 0 6 3 1 0 1 5 6 2 1 7 
793, 128, 248, 1352, 1, 40, 2 5 0 6 2 1 2 3 4 4 0 0 6 3 1 0 1 5 6 2 1 7 
793, 128, 248, 1352, 1, 40, 2 5 0 6 2 1 2 3 4 4 0 0 6 3 1 0 1 5 6 2 1 7 
793, 128, 248, 1352, 1, 40, 2 5 0 6 2 1 2 3 4 4 0 0 6 3 1 0 1 5 6 2 1 7 
797, 129, 240, 1360, 0, 40, 2 5 0 6 2 1 2 3 4 4 0 0 6 3 1 0 1 5 6 2 1 7 
797, 129, 240, 1360, 0, 40, 2 5 0 6 2 1 2 3 4 4 0 0 6 3 1 0 1 5 6 2 1 7 
797, 129, 240, 1360, 0, 40, 2 5 0 6 2 1 2 3 4 4 0 0 6 3 1 0 1 5 6 2 1 7 
797, 129, 240, 1360, 0, 40, 2 5 0 6 2 1 2 3 4 4 0 0 6 3 1 0 1 5 6 2 1 7 
801, 131, 238, 1362, 6, 40, 2 5 0 6 2 1 2 3 4 4 0 0 6 3 1 0 1 5 6 2 1 7 
801, 131, 238, 1362, 6, 40, 2 5 0 6 2 1 2 3 4 4 0 0 6 3 1 0 1 5 6 2 1 7 
801, 131, 238, 1362, 6, 40, 2 5 0 6 2 1 2 3 4 4 0 0 6 3 1 0 1 5 6 2 1 7 
801, 131, 238, 1362, 6, 40, 2 5 0 6 2 1 2 3 4 4 0 0 6 3 1 0 1 5 6 2 1 7 
805, 124, 234, 1366, 7, 40, 2 5 0 6 2 1 2 3 4 4 0 0 6 3 1 0 1 5 6 2 1 7 
805, 124, 234, 1366, 7, 40, 2 5 0 6 2 1 2 3 4 4 0 0 6 3 1 0 1 5 6 2 1 7 
805, 124, 234, 1366, 7, 40, 2 5 0 6 2 1 2 3 4 4 0 0 6 3 1 0 1 5 6 2 1 7 
805, 124, 234, 1366, 7, 40, 2 5 0 6 2 1 2 3 4 4 0 0 6 3 1 0 1 5 6 2 1 7 
809, 119, 224, 1376, 2, 40, 2 5 0 6 2 1 2 3 4 4 0 0 6 3 1 0 1 5 6 2 1 7 
809, 119, 224, 1376, 2, 40, 2 5 0 6 2 1 2 3 4 4 0 0 6 3 1 0 1 5 6 2 1 7 
809, 119, 224, 1376, 2, 40, 2 5 0 6 2 1 2 3 4 4 0 0 6 3 1 0 1 5 6 2 1 7 
810, 117, 220, 1380, 0, 40, 2 5 0 6 2 1 2 3 4 4 0 0 6 3 1 0 1 5 6 2 1 7 
813, 118, 240, 1360, 5, 40, 2 5 0 6 2 1 2 3 4 4 0 0 6 3 1 0 1 5 6 2 1 7 
814, 115, 242, 1358, 4, 40, 2 5 0 6 2 1 2 3 4 4 0 0 6 3 1 0 1 5 6 2 1 7 
814, 115, 242, 1358, 4, 40, 2 5 0 6 2 1 2 3 4 4 0 0 6 3 1 0 1 5 6 2 1 7 
814, 115, 242, 1358, 4, 40, 2 5 0 6 2 1 2 3 4 4 0 0 6 3 1 0 1 5 6 2 1 7 
817, 115, 243, 1357, 5, 40, 2 5 0 6 2 1 2 3 4 4 0 0 6 3 1 0 1 5 6 2 1 7 
818, 114, 244, 1356, 1, 40, 2 5 0 6 2 1 2 3 4 4 0 0 6 3 1 0 1 5 6 2 1 7 
818, 114, 244, 1356, 1, 40, 2 5 0 6 2 1 2 3 4 4 0 0 6 3 1 0 1 5 6 2 1 7 
818, 114, 244, 1356, 1, 40, 2 5 0 6 2 1 2 3 4 4 0 0 6 3 1 0 1 5 6 2 1 7 
822, 115, 255, 1345, 1, 40, 2 5 0 6 2 1 2 3 4 4 0 0 6 3 1 0 1 5 6 2 1 7 
822, 115, 255, 1345, 1, 40, 2 5 0 6 2 1 2 3 4 4 0 0 6 3 1 0 1 5 6 2 1 7 
822, 115, 255, 1345, 1, 40, 2 5 0 6 2 1 2 3 4 4 0 0 6 3 1 0 1 5 6 2 1 7 
822, 115, 255, 1345, 1, 40, 2 5 0 6 2 1 2 3 4 4 0 0 6 3 1 0 1 5 6 2 1 7 
822, 115, 255, 1345, 1, 40, 2 5 0 6 2 1 2 3 4 4 0 0 6 3 1 0 1 5 6 2 1 7 
826, 120, 248, 1352, 2, 40, 2 5 0 6 2 1 2 3 4 4 0 0 6 3 1 0 1 5 6 2 1 7 
826, 120, 248, 1352, 2, 40, 2 5 0 6 2 1 2 3 4 4 0 0 6 3 1 0 1 5 6 2 1 7 
826, 120, 248, 1352, 2, 40, 2 5 0 6 2 1 2 3 4 4 0 0 6 3 1 0 1 5 6 2 1 7 
826, 120, 248, 1352, 2, 40, 2 5 0 6 2 1 2 3 4 4 0 0 6 3 1 0 1 5 6 2 1 7 
830, 119, 244, 1356, 2, 40, 2 5 0 6 2 1 2 3 4 4 0 0 6 3 1 0 1 5 6 2 1 7 
830, 119, 244, 1356, 2, 40, 2 5 0 6 2 1 2 3 4 4 0 0 6 3 1 0 1 5 6 2 1 7 
830, 119, 244, 1356, 2, 40, 2 5 0 6 2 1 2 3 4 4 0 0 6 3 1 0 1 5 6 2 1 7 
830, 119, 244, 1356, 2, 40, 2 5 0 6 2 1 2 3 4 4 0 0 6 3 1 0 1 5 6 2 1 7 
834, 117, 236, 1364, 1, 40, 2 5 0 6 2 1 2 3 4 4 0 0 6 3 1 0 1 5 6 2 1 7 
834, 117, 236, 1364, 1, 40, 2 5 0 6 2 1 2 3 4 4 0 0 6 3 1 0 1 5 6 2 1 7 
834, 117, 236, 1364, 1, 40, 2 5 0 6 2 1 2 3 4 4 0 0 6 3 1 0 1 5 6 2 1 7 
834, 117, 236, 1364, 1, 40, 2 5 0 6 2 1 2 3 4 4 0 0 6 3 1 0 1 5 6 2 1 7 
838, 116, 234, 1366, 1, 40, 2 5 0 6 2 1 2 3 4 4 0 0 6 3 1 0 1 5 6 2 1 7 
838, 116, 234, 1366, 1, 40, 2 5 0 6 2 1 2 3 4 4 0 0 6 3 1 0 1 5 6 2 1 7 
838, 116, 234, 1366, 1, 40, 2 5 0 6 2 1 2 3 4 4 0 0 6 3 1 0 1 5 6 2 1 7 
838, 116, 234, 1366, 1, 40, 2 5 0 6 2 1 2 3 4 4 0 0 6 3 1 0 1 5 6 2 1 7 
842, 123, 237, 1363, 1, 40, 2 5 0 6 2 1 2 3 4 4 0 0 6 3 1 0 1 5 6 2 1 7 
842, 123, 237, 1363, 1, 40, 2 5 0 6 2 1 2 3 4 4 0 0 6 3 1 0 1 5 6 2 1 7 
843, 121, 236, 1364, 2, 40, 2 5 0 6 2 1 2 3 4 4 0 0 6 3 1 0 1 5 6 2 1 7 
843, 121, 236, 1364, 2, 40, 2 5 0 6 2 1 2 3 4 4 0 0 6 3 1 0 1 5 6 2 1 7 
846, 118, 244, 1356, 9, 40, 2 5 0 6 2 1 2 3 4 4 0 0 6 3 1 0 1 5 6 2 1 7 
847, 116, 244, 1356, 1, 40, 2 5 0 6 2 1 2 3 4 4 0 0 6 3 1 0 1 5 6 2 1 7 
847, 116, 244, 1356, 1, 40, 2 5 0 6 2 1 2 3 4 4 0 0 6 3 1 0 1 5 6 2 1 7 
847, 116, 244, 1356, 1, 40, 2 5 0 6 2 1 2 3 4 4 0 0 6 3 1 0 1 5 6 2 1 7 
850, 114, 250, 1350, 2, 41, 2 5 0 6 2 1 2 3 4 4 0 0 6 3 1 0 1 5 6 2 1 7 
851, 115, 249, 1351, 0, 41, 2 5 0 6 2 1 2 3 4 4 0 0 6 3 1 0 1 5 6 2 1 7 
851, 115, 249, 1351, 0, 41, 2 5 0 6 2 1 2 3 4 4 0 0 6 3 1 0 1 5 6 2 1 7 
851, 115, 249, 1351, 0, 41, 2 5 0 6 2 1 2 3 4 4 0 0 6 3 1 0 1 5 6 2 1 7 
855, 118, 240, 1360, 0, 41, 2 5 0 6 2 1 2 3 4 4 0 0 6 3 1 0 1 5 6 2 1 7 
855, 118, 240, 1360, 0, 41, 2 5 0 6 2 1 2 3 4 4 0 0 6 3 1 0 1 5 6 2 1 7 
855, 118, 240, 1360, 0, 41, 2 5 0 6 2 1 2 3 4 4 0 0 6 3 1 0 1 5 6 2 1 7 
855, 118, 240, 1360, 0, 41, 2 5 0 6 2 1 2 3 4 4 0 0 6 3 1 0 1 5 6 2 1 7 
855, 118, 240, 1360, 0, 41, 2 5 0 6 2 1 2 3 4 4 0 0 6 3 1 0 1 5 6 2 1 7 
859, 115, 244, 1356, 8, 40, 2 5 0 6 2 1 2 3 4 4 0 0 6 3 1 0 1 5 6 2 1 7 
859, 115, 244, 1356, 8, 40, 2 5 0 6 2 1 2 3 4 4 0 0 6 3 1 0 1 5 6 2 1 7 
859, 115, 244, 1356, 8, 40, 2 5 0 6 2 1 2 3 4 4 0 0 6 3 1 0 1 5 6 2 1 7 
859, 115, 244, 1356, 8, 40, 2 5 0 6 2 1 2 3 4 4 0 0 6 3 1 0 1 5 6 2 1 7 
863, 111, 249, 1351, 24, 40, 2 5 0 6 2 1 2 3 4 4 0 0 6 3 1 0 1 5 6 2 1 7 
864, 114, 251, 1349, 4, 40, 2 5 0 6 2 1 2 3 4 4 0 0 6 3 1 0 1 5 6 2 1 7 
864, 114, 251, 1349, 4, 40, 2 5 0 6 2 1 2 3 4 4 0 0 6 3 1 0 1 5 6 2 1 7 
864, 114, 251, 1349, 4, 40, 2 5 0 6 2 1 2 3 4 4 0 0 6 3 1 0 1 5 6 2 1 7 
868, 119, 248, 1352, 2, 40, 2 5 0 6 2 1 2 3 4 4 0 0 6 3 1 0 1 5 6 2 1 7 
868, 119, 248, 1352, 2, 40, 2 5 0 6 2 1 2 3 4 4 0 0 6 3 1 0 1 5 6 2 1 7 
868, 119, 248, 1352, 2, 40, 2 5 0 6 2 1 2 3 4 4 0 0 6 3 1 0 1 5 6 2 1 7 
868, 119, 248, 1352, 2, 40, 2 5 0 6 2 1 2 3 4 4 0 0 6 3 1 0 1 5 6 2 1 7 
868, 119, 248, 1352, 2, 40, 2 5 0 6 2 1 2 3 4 4 0 0 6 3 1 0 1 5 6 2 1 7 
872, 121, 238, 1362, 2, 40, 2 5 0 6 2 1 2 3 4 4 0 0 6 3 1 0 1 5 6 2 1 7 
873, 121, 237, 1363, 1, 40, 2 5 0 6 2 1 2 3 4 4 0 0 6 3 1 0 1 5 6 2 1 7 
873, 121, 237, 1363, 1, 40, 2 5 0 6 2 1 2 3 4 4 0 0 6 3 1 0 1 5 6 2 1 7 
873, 121, 237, 1363, 1, 40, 2 5 0 6 2 1 2 3 4 4 0 0 6 3 1 0 1 5 6 2 1 7 
877, 124, 231, 1369, 3, 41, 2 5 0 6 2 1 2 3 4 4 0 0 6 3 1 0 1 5 6 2 1 7 
877, 124, 231, 1369, 3, 41, 2 5 0 6 2 1 2 3 4 4 0 0 6 3 1 0 1 5 6 2 1 7 
877, 124, 231, 1369, 3, 41, 2 5 0 6 2 1 2 3 4 4 0 0 6 3 1 0 1 5 6 2 1 7 
877, 124, 231, 1369, 3, 41, 2 5 0 6 2 1 2 3 4 4 0 0 6 3 1 0 1 5 6 2 1 7 
877, 124, 231, 1369, 3, 41, 2 5 0 6 2 1 2 3 4 4 0 0 6 3 1 0 1 5 6 2 1 7 
881, 136, 226, 1374, 0, 41, 2 5 0 6 2 1 2 3 4 4 0 0 6 3 1 0 1 5 6 2 1 7 
881, 136, 226, 1374, 0, 41, 2 5 0 6 2 1 2 3 4 4 0 0 6 3 1 0 1 5 6 2 1 7 
882, 136, 229, 1371, 1, 41, 2 5 0 6 2 1 2 3 4 4 0 0 6 3 1 0 1 5 6 2 1 7 
882, 136, 229, 1371, 1, 41, 2 5 0 6 2 1 2 3 4 4 0 0 6 3 1 0 1 5 6 2 1 7 
886, 141, 215, 1385, 8, 41, 2 5 0 6 2 1 2 3 4 4 0 0 6 3 1 0 1 5 6 2 1 7 
886, 141, 215, 1385, 8, 41, 2 5 0 6 2 1 2 3 4 4 0 0 6 3 1 0 1 5 6 2 1 7 
886, 141, 215, 1385, 8, 41, 2 5 0 6 2 1 2 3 4 4 0 0 6 3 1 0 1 5 6 2 1 7 
886, 141, 215, 1385, 8, 41, 2 5 0 6 2 1 2 3 4 4 0 0 6 3 1 0 1 5 6 2 1 7 
886, 141, 215, 1385, 8, 41, 2 5 0 6 2 1 2 3 4 4 0 0 6 3 1 0 1 5 6 2 1 7 
890, 144, 220, 1380, 0, 41, 2 5 0 6 2 1 2 3 4 4 0 0 6 3 1 0 1 5 6 2 1 7 
890, 144, 220, 1380, 0, 41, 2 5 0 6 2 1 2 3 4 4 0 0 6 3 1 0 1 5 6 2 1 7 
891, 144, 214, 1386, 1, 41, 2 5 0 6 2 1 2 3 4 4 0 0 6 3 1 0 1 5 6 2 1 7 
891, 144, 214, 1386, 1, 41, 2 5 0 6 2 1 2 3 4 4 0 0 6 3 1 0 1 5 6 2 1 7 
895, 138, 217, 1383, 1, 41, 2 5 0 6 2 1 2 3 4 4 0 0 6 3 1 0 1 5 6 2 1 7 
895, 138, 217, 1383, 1, 41, 2 5 0 6 2 1 2 3 4 4 0 0 6 3 1 0 1 5 6 2 1 7 
895, 138, 217, 1383, 1, 41, 2 5 0 6 2 1 2 3 4 4 0 0 6 3 1 0 1 5 6 2 1 7 
895, 138, 217, 1383, 1, 41, 2 5 0 6 2 1 2 3 4 4 0 0 6 3 1 0 1 5 6 2 1 7 
895, 138, 217, 1383, 1, 41, 2 5 0 6 2 1 2 3 4 4 0 0 6 3 1 0 1 5 6 2 1 7 
899, 133, 219, 1381, 1, 40, 2 5 0 6 2 1 2 3 4 4 0 0 6 3 1 0 1 5 6 2 1 7 
900, 131, 220, 1380, 0, 41, 2 5 0 6 2 1 2 3 4 4 0 0 6 3 1 0 1 5 6 2 1 7 
900, 131, 220, 1380, 0, 41, 2 5 0 6 2 1 2 3 4 4 0 0 6 3 1 0 1 5 6 2 1 7 
900, 131, 220, 1380, 0, 41, 2 5 0 6 2 1 2 3 4 4 0 0 6 3 1 0 1 5 6 2 1 7 
904, 128, 223, 1377, 1, 41, 2 5 0 6 2 1 2 3 4 4 0 0 6 3 1 0 1 5 6 2 1 7 
904, 128, 223, 1377, 1, 41, 2 5 0 6 2 1 2 3 4 4 0 0 6 3 1 0 1 5 6 2 1 7 
904, 128, 223, 1377, 1, 41, 2 5 0 6 2 1 2 3 4 4 0 0 6 3 1 0 1 5 6 2 1 7 
904, 128, 223, 1377, 1, 41, 2 5 0 6 2 1 2 3 4 4 0 0 6 3 1 0 1 5 6 2 1 7 
905, 125, 225, 1375, 9, 41, 2 5 0 6 2 1 2 3 4 4 0 0 6 3 1 0 1 5 6 2 1 7 
909, 123, 233, 1367, 20, 41, 2 5 0 6 2 1 2 3 4 4 0 0 6 3 1 0 1 5 6 2 1 7 
909, 123, 233, 1367, 20, 41, 2 5 0 6 2 1 2 3 4 4 0 0 6 3 1 0 1 5 6 2 1 7 
909, 123, 233, 1367, 20, 41, 2 5 0 6 2 1 2 3 4 4 0 0 6 3 1 0 1 5 6 2 1 7 
909, 123, 233, 1367, 20, 41, 2 5 0 6 2 1 2 3 4 4 0 0 6 3 1 0 1 5 6 2 1 7 
909, 123, 233, 1367, 20, 41, 2 5 0 6 2 1 2 3 4 4 0 0 6 3 1 0 1 5 6 2 1 7 
913, 130, 225, 1375, 6, 41, 2 5 0 6 2 1 2 3 4 4 0 0 6 3 1 0 1 5 6 2 1 7 
913, 130, 225, 1375, 6, 41, 2 5 0 6 2 1 2 3 4 4 0 0 6 3 1 0 1 5 6 2 1 7 
914, 130, 229, 1371, 0, 41, 2 5 0 6 2 1 2 3 4 4 0 0 6 3 1 0 1 5 6 2 1 7 
914, 130, 229, 1371, 0, 41, 2 5 0 6 2 1 2 3 4 4 0 0 6 3 1 0 1 5 6 2 1 7 
918, 135, 225, 1375, 6, 41, 2 5 0 6 2 1 2 3 4 4 0 0 6 3 1 0 1 5 6 2 1 7 
918, 135, 225, 1375, 6, 41, 2 5 0 6 2 1 2 3 4 4 0 0 6 3 1 0 1 5 6 2 1 7 
918, 135, 225, 1375, 6, 41, 2 5 0 6 2 1 2 3 4 4 0 0 6 3 1 0 1 5 6 2 1 7 
918, 135, 225, 1375, 6, 41, 2 5 0 6 2 1 2 3 4 4 0 0 6 3 1 0 1 5 6 2 1 7 
918, 135, 225, 1375, 6, 41, 2 5 0 6 2 1 2 3 4 4 0 0 6 3 1 0 1 5 6 2 1 7 
923, 132, 238, 1362, 0, 41, 2 5 0 6 2 1 2 3 4 4 0 0 6 3 1 0 1 5 6 2 1 7 
923, 132, 238, 1362, 0, 41, 2 5 0 6 2 1 2 3 4 4 0 0 6 3 1 0 1 5 6 2 1 7 
923, 132, 238, 1362, 0, 41, 2 5 0 6 2 1 2 3 4 4 0 0 6 3 1 0 1 5 6 2 1 7 
923, 132, 238, 1362, 0, 41, 2 5 0 6 2 1 2 3 4 4 0 0 6 3 1 0 1 5 6 2 1 7 
923, 132, 238, 1362, 0, 41, 2 5 0 6 2 1 2 3 4 4 0 0 6 3 1 0 1 5 6 2 1 7 
927, 135, 239, 1361, 0, 41, 2 5 0 6 2 1 2 3 4 4 0 0 6 3 1 0 1 5 6 2 1 7 
928, 137, 239, 1361, 1, 41, 2 5 0 6 2 1 2 3 4 4 0 0 6 3 1 0 1 5 6 2 1 7 
928, 137, 239, 1361, 1, 41, 2 5 0 6 2 1 2 3 4 4 0 0 6 3 1 0 1 5 6 2 1 7 
928, 137, 239, 1361, 1, 41, 2 5 0 6 2 1 2 3 4 4 0 0 6 3 1 0 1 5 6 2 1 7 
932, 134, 230, 1370, 13, 41, 2 5 0 6 2 1 2 3 4 4 0 0 6 3 1 0 1 5 6 2 1 7 
932, 134, 230, 1370, 13, 41, 2 5 0 6 2 1 2 3 4 4 0 0 6 3 1 0 1 5 6 2 1 7 
932, 134, 230, 1370, 13, 41, 2 5 0 6 2 1 2 3 4 4 0 0 6 3 1 0 1 5 6 2 1 7 
933, 134, 231, 1369, 8, 41, 2 5 0 6 2 1 2 3 4 4 0 0 6 3 1 0 1 5 6 2 1 7 
933, 134, 231, 1369, 8, 41, 2 5 0 6 2 1 2 3 4 4 0 0 6 3 1 0 1 5 6 2 1 7 
937, 129, 230, 1370, 1, 41, 2 5 0 6 2 1 2 3 4 4 0 0 6 3 1 0 1 5 6 2 1 7 
937, 129, 230, 1370, 1, 41, 2 5 0 6 2 1 2 3 4 4 0 0 6 3 1 0 1 5 6 2 1 7 
937, 129, 230, 1370, 1, 41, 2 5 0 6 2 1 2 3 4 4 0 0 6 3 1 0 1 5 6 2 1 7 
937, 129, 230, 1370, 1, 41, 2 5 0 6 2 1 2 3 4 4 0 0 6 3 1 0 1 5 6 2 1 7 
937, 129, 230, 1370, 1, 41, 2 5 0 6 2 1 2 3 4 4 0 0 6 3 1 0 1 5 6 2 1 7 
942, 127, 228, 1372, 12, 41, 2 5 0 6 2 1 2 3 4 4 0 0 6 3 1 0 1 5 6 2 1 7 
942, 127, 228, 1372, 12, 41, 2 5 0 6 2 1 2 3 4 4 0 0 6 3 1 0 1 5 6 2 1 7 
942, 127, 228, 1372, 12, 41, 2 5 0 6 2 1 2 3 4 4 0 0 6 3 1 0 1 5 6 2 1 7 
942, 127, 228, 1372, 12, 41, 2 5 0 6 2 1 2 3 4 4 0 0 6 3 1 0 1 5 6 2 1 7 
942, 127, 228, 1372, 12, 41, 2 5 0 6 2 1 2 3 4 4 0 0 6 3 1 0 1 5 6 2 1 7 
947, 127, 236, 1364, 12, 41, 2 5 0 6 2 1 2 3 4 4 0 0 6 3 1 0 1 5 6 2 1 7 
947, 127, 236, 1364, 12, 41, 2 5 0 6 2 1 2 3 4 4 0 0 6 3 1 0 1 5 6 2 1 7 
947, 127, 236, 1364, 12, 41, 2 5 0 6 2 1 2 3 4 4 0 0 6 3 1 0 1 5 6 2 1 7 
947, 127, 236, 1364, 12, 41, 2 5 0 6 2 1 2 3 4 4 0 0 6 3 1 0 1 5 6 2 1 7 
947, 127, 236, 1364, 12, 41, 2 5 0 6 2 1 2 3 4 4 0 0 6 3 1 0 1 5 6 2 1 7 
951, 127, 236, 1364, 0, 41, 2 5 0 6 2 1 2 3 4 4 0 0 6 3 1 0 1 5 6 2 1 7 
951, 127, 236, 1364, 0, 41, 2 5 0 6 2 1 2 3 4 4 0 0 6 3 1 0 1 5 6 2 1 7 
952, 130, 236, 1364, 3, 41, 2 5 0 6 2 1 2 3 4 4 0 0 6 3 1 0 1 5 6 2 1 7 
952, 130, 236, 1364, 3, 41, 2 5 0 6 2 1 2 3 4 4 0 0 6 3 1 0 1 5 6 2 1 7 
956, 130, 241, 1359, 8, 41, 2 5 0 6 2 1 2 3 4 4 0 0 6 3 1 0 1 5 6 2 1 7 
956, 130, 241, 1359, 8, 41, 2 5 0 6 2 1 2 3 4 4 0 0 6 3 1 0 1 5 6 2 1 7 
956, 130, 241, 1359, 8, 41, 2 5 0 6 2 1 2 3 4 4 0 0 6 3 1 0 1 5 6 2 1 7 
957, 131, 244, 1356, 1, 41, 2 5 0 6 2 1 2 3 4 4 0 0 6 3 1 0 1 5 6 2 1 7 
957, 131, 244, 1356, 1, 41, 2 5 0 6 2 1 2 3 4 4 0 0 6 3 1 0 1 5 6 2 1 7 
961, 127, 230, 1370, 1, 41, 2 5 0 6 2 1 2 3 4 4 0 0 6 3 1 0 1 5 6 2 1 7 
961, 127, 230, 1370, 1, 41, 2 5 0 6 2 1 2 3 4 4 0 0 6 3 1 0 1 5 6 2 1 7 
961, 127, 230, 1370, 1, 41, 2 5 0 6 2 1 2 3 4 4 0 0 6 3 1 0 1 5 6 2 1 7 
961, 127, 230, 1370, 1, 41, 2 5 0 6 2 1 2 3 4 4 0 0 6 3 1 0 1 5 6 2 1 7 
962, 125, 227, 1373, 0, 41, 2 5 0 6 2 1 2 3 4 4 0 0 6 3 1 0 1 5 6 2 1 7 
966, 131, 225, 1375, 0, 41, 2 5 0 6 2 1 2 3 4 4 0 0 6 3 1 0 1 5 6 2 1 7 
966, 131, 225, 1375, 0, 41, 2 5 0 6 2 1 2 3 4 4 0 0 6 3 1 0 1 5 6 2 1 7 
966, 131, 225, 1375, 0, 41, 2 5 0 6 2 1 2 3 4 4 0 0 6 3 1 0 1 5 6 2 1 7 
966, 131, 225, 1375, 0, 41, 2 5 0 6 2 1 2 3 4 4 0 0 6 3 1 0 1 5 6 2 1 7 
966, 131, 225, 1375, 0, 41, 2 5 0 6 2 1 2 3 4 4 0 0 6 3 1 0 1 5 6 2 1 7 
971, 132, 231, 1369, 0, 41, 2 5 0 6 2 1 2 3 4 4 0 0 6 3 1 0 1 5 6 2 1 7 
971, 132, 231, 1369, 0, 41, 2 5 0 6 2 1 2 3 4 4 0 0 6 3 1 0 1 5 6 2 1 7 
971, 132, 231, 1369, 0, 41, 2 5 0 6 2 1 2 3 4 4 0 0 6 3 1 0 1 5 6 2 1 7 
971, 132, 231, 1369, 0, 41, 2 5 0 6 2 1 2 3 4 4 0 0 6 3 1 0 1 5 6 2 1 7 
971, 132, 231, 1369, 0, 41, 2 5 0 6 2 1 2 3 4 4 0 0 6 3 1 0 1 5 6 2 1 7 
976, 131, 252, 1348, 0, 41, 2 5 0 6 2 1 2 3 4 4 0 0 6 3 1 0 1 5 6 2 1 7 
976, 131, 252, 1348, 0, 41, 2 5 0 6 2 1 2 3 4 4 0 0 6 3 1 0 1 5 6 2 1 7 
976, 131, 252, 1348, 0, 41, 2 5 0 6 2 1 2 3 4 4 0 0 6 3 1 0 1 5 6 2 1 7 
976, 131, 252, 1348, 0, 41, 2 5 0 6 2 1 2 3 4 4 0 0 6 3 1 0 1 5 6 2 1 7 
976, 131, 252, 1348, 0, 41, 2 5 0 6 2 1 2 3 4 4 0 0 6 3 1 0 1 5 6 2 1 7 
981, 124, 247, 1353, 0, 41, 2 5 0 6 2 1 2 3 4 4 0 0 6 3 1 0 1 5 6 2 1 7 
981, 124, 247, 1353, 0, 41, 2 5 0 6 2 1 2 3 4 4 0 0 6 3 1 0 1 5 6 2 1 7 
981, 124, 247, 1353, 0, 41, 2 5 0 6 2 1 2 3 4 4 0 0 6 3 1 0 1 5 6 2 1 7 
981, 124, 247, 1353, 0, 41, 2 5 0 6 2 1 2 3 4 4 0 0 6 3 1 0 1 5 6 2 1 7 
981, 124, 247, 1353, 0, 41, 2 5 0 6 2 1 2 3 4 4 0 0 6 3 1 0 1 5 6 2 1 7 
986, 117, 242, 1358, 0, 41, 2 5 0 6 2 1 2 3 4 4 0 0 6 3 1 0 1 5 6 2 1 7 
986, 117, 242, 1358, 0, 41, 2 5 0 6 2 1 2 3 4 4 0 0 6 3 1 0 1 5 6 2 1 7 
986, 117, 242, 1358, 0, 41, 2 5 0 6 2 1 2 3 4 4 0 0 6 3 1 0 1 5 6 2 1 7 
986, 117, 242, 1358, 0, 41, 2 5 0 6 2 1 2 3 4 4 0 0 6 3 1 0 1 5 6 2 1 7 
991, 116, 256, 1344, 2, 41, 2 5 0 6 2 1 2 3 4 4 0 0 6 3 1 0 1 5 6 2 1 7 
991, 116, 256, 1344, 2, 41, 2 5 0 6 2 1 2 3 4 4 0 0 6 3 1 0 1 5 6 2 1 7 
991, 116, 256, 1344, 2, 41, 2 5 0 6 2 1 2 3 4 4 0 0 6 3 1 0 1 5 6 2 1 7 
991, 116, 256, 1344, 2, 41, 2 5 0 6 2 1 2 3 4 4 0 0 6 3 1 0 1 5 6 2 1 7 
991, 116, 256, 1344, 2, 41, 2 5 0 6 2 1 2 3 4 4 0 0 6 3 1 0 1 5 6 2 1 7 
991, 116, 256, 1344, 2, 41, 2 5 0 6 2 1 2 3 4 4 0 0 6 3 1 0 1 5 6 2 1 7 
996, 110, 255, 1345, 1, 41, 2 5 0 6 2 1 2 3 4 4 0 0 6 3 1 0 1 5 6 2 1 7 
996, 110, 255, 1345, 1, 41, 2 5 0 6 2 1 2 3 4 4 0 0 6 3 1 0 1 5 6 2 1 7 
996, 110, 255, 1345, 1, 41, 2 5 0 6 2 1 2 3 4 4 0 0 6 3 1 0 1 5 6 2 1 7 
996, 110, 255, 1345, 1, 41, 2 5 0 6 2 1 2 3 4 4 0 0 6 3 1 0 1 5 6 2 1 7 
996, 110, 255, 1345, 1, 41, 2 5 0 6 2 1 2 3 4 4 0 0 6 3 1 0 1 5 6 2 1 7 
1001, 112, 264, 1336, 3, 42, 2 5 0 6 2 1 2 3 4 4 0 0 6 3 1 0 1 5 6 2 1 7 
1001, 112, 264, 1336, 3, 42, 2 5 0 6 2 1 2 3 4 4 0 0 6 3 1 0 1 5 6 2 1 7 
1001, 112, 264, 1336, 3, 42, 2 5 0 6 2 1 2 3 4 4 0 0 6 3 1 0 1 5 6 2 1 7 
1001, 112, 264, 1336, 3, 42, 2 5 0 6 2 1 2 3 4 4 0 0 6 3 1 0 1 5 6 2 1 7 
1001, 112, 264, 1336, 3, 42, 2 5 0 6 2 1 2 3 4 4 0 0 6 3 1 0 1 5 6 2 1 7 
1006, 114, 268, 1332, 14, 42, 2 5 0 6 2 1 2 3 4 4 0 0 6 3 1 0 1 5 6 2 1 7 
1006, 114, 268, 1332, 14, 42, 2 5 0 6 2 1 2 3 4 4 0 0 6 3 1 0 1 5 6 2 1 7 
1006, 114, 268, 1332, 14, 42, 2 5 0 6 2 1 2 3 4 4 0 0 6 3 1 0 1 5 6 2 1 7 
1006, 114, 268, 1332, 14, 42, 2 5 0 6 2 1 2 3 4 4 0 0 6 3 1 0 1 5 6 2 1 7 
1006, 114, 268, 1332, 14, 42, 2 5 0 6 2 1 2 3 4 4 0 0 6 3 1 0 1 5 6 2 1 7 
1011, 113, 278, 1322, 0, 42, 2 5 0 6 2 1 2 3 4 4 0 0 6 3 1 0 1 5 6 2 1 7 
1011, 113, 278, 1322, 0, 42, 2 5 0 6 2 1 2 3 4 4 0 0 6 3 1 0 1 5 6 2 1 7 
1011, 113, 278, 1322, 0, 42, 2 5 0 6 2 1 2 3 4 4 0 0 6 3 1 0 1 5 6 2 1 7 
1011, 113, 278, 1322, 0, 42, 2 5 0 6 2 1 2 3 4 4 0 0 6 3 1 0 1 5 6 2 1 7 
1011, 113, 278, 1322, 0, 42, 2 5 0 6 2 1 2 3 4 4 0 0 6 3 1 0 1 5 6 2 1 7 
1016, 115, 273, 1327, 3, 42, 2 5 0 6 2 1 2 3 4 4 0 0 6 3 1 0 1 5 6 2 1 7 
1016, 115, 273, 1327, 3, 42, 2 5 0 6 2 1 2 3 4 4 0 0 6 3 1 0 1 5 6 2 1 7 
1016, 115, 273, 1327, 3, 42, 2 5 0 6 2 1 2 3 4 4 0 0 6 3 1 0 1 5 6 2 1 7 
1016, 115, 273, 1327, 3, 42, 2 5 0 6 2 1 2 3 4 4 0 0 6 3 1 0 1 5 6 2 1 7 
1016, 115, 273, 1327, 3, 42, 2 5 0 6 2 1 2 3 4 4 0 0 6 3 1 0 1 5 6 2 1 7 
1021, 121, 265, 1335, 1, 43, 2 5 0 6 2 1 2 3 4 4 0 0 6 3 1 0 1 5 6 2 1 7 
1021, 121, 265, 1335, 1, 43, 2 5 0 6 2 1 2 3 4 4 0 0 6 3 1 0 1 5 6 2 1 7 
1022, 123, 260, 1340, 1, 43, 2 5 0 6 2 1 2 3 4 4 0 0 6 3 1 0 1 5 6 2 1 7 
1022, 123, 260, 1340, 1, 43, 2 5 0 6 2 1 2 3 4 4 0 0 6 3 1 0 1 5 6 2 1 7 
1022, 123, 260, 1340, 1, 43, 2 5 0 6 2 1 2 3 4 4 0 0 6 3 1 0 1 5 6 2 1 7 
1026, 127, 257, 1343, 2, 43, 2 5 0 6 2 1 2 3 4 4 0 0 6 3 1 0 1 5 6 2 1 7 
1026, 127, 257, 1343, 2, 43, 2 5 0 6 2 1 2 3 4 4 0 0 6 3 1 0 1 5 6 2 1 7 
1027, 131, 256, 1344, 0, 43, 2 5 0 6 2 1 2 3 4 4 0 0 6 3 1 0 1 5 6 2 1 7 
1027, 131, 256, 1344, 0, 43, 2 5 0 6 2 1 2 3 4 4 0 0 6 3 1 0 1 5 6 2 1 7 
1027, 131, 256, 1344, 0, 43, 2 5 0 6 2 1 2 3 4 4 0 0 6 3 1 0 1 5 6 2 1 7 
1032, 131, 250, 1350, 0, 43, 2 5 0 6 2 1 2 3 4 4 0 0 6 3 1 0 1 5 6 2 1 7 
1032, 131, 250, 1350, 0, 43, 2 5 0 6 2 1 2 3 4 4 0 0 6 3 1 0 1 5 6 2 1 7 
1032, 131, 250, 1350, 0, 43, 2 5 0 6 2 1 2 3 4 4 0 0 6 3 1 0 1 5 6 2 1 7 
1032, 131, 250, 1350, 0, 43, 2 5 0 6 2 1 2 3 4 4 0 0 6 3 1 0 1 5 6 2 1 7 
1032, 131, 250, 1350, 0, 43, 2 5 0 6 2 1 2 3 4 4 0 0 6 3 1 0 1 5 6 2 1 7 
1033, 133, 253, 1347, 12, 43, 2 5 0 6 2 1 2 3 4 4 0 0 6 3 1 0 1 5 6 2 1 7 
1037, 123, 258, 1342, 13, 43, 2 5 0 6 2 1 2 3 4 4 0 0 6 3 1 0 1 5 6 2 1 7 
1037, 123, 258, 1342, 13, 43, 2 5 0 6 2 1 2 3 4 4 0 0 6 3 1 0 1 5 6 2 1 7 
1037, 123, 258, 1342, 13, 43, 2 5 0 6 2 1 2 3 4 4 0 0 6 3 1 0 1 5 6 2 1 7 
1038, 124, 254, 1346, 0, 43, 2 5 0 6 2 1 2 3 4 4 0 0 6 3 1 0 1 5 6 2 1 7 
1038, 124, 254, 1346, 0, 43, 2 5 0 6 2 1 2 3 4 4 0 0 6 3 1 0 1 5 6 2 1 7 
1043, 121, 234, 1366, 0, 43, 2 5 0 6 2 1 2 3 4 4 0 0 6 3 1 0 1 5 6 2 1 7 
1043, 121, 234, 1366, 0, 43, 2 5 0 6 2 1 2 3 4 4 0 0 6 3 1 0 1 5 6 2 1 7 
1043, 121, 234, 1366, 0, 43, 2 5 0 6 2 1 2 3 4 4 0 0 6 3 1 0 1 5 6 2 1 7 
1043, 121, 234, 1366, 0, 43, 2 5 0 6 2 1 2 3 4 4 0 0 6 3 1 0 1 5 6 2 1 7 
1044, 122, 236, 1364, 12, 43, 2 5 0 6 2 1 2 3 4 4 0 0 6 3 1 0 1 5 6 2 1 7 
1044, 122, 236, 1364, 12, 43, 2 5 0 6 2 1 2 3 4 4 0 0 6 3 1 0 1 5 6 2 1 7 
1051, 123, 251, 1349, 0, 43, 2 5 0 6 2 1 2 3 4 4 0 0 6 3 1 0 1 5 6 2 1 7 
1051, 123, 251, 1349, 0, 43, 2 5 0 6 2 1 2 3 4 4 0 0 6 3 1 0 1 5 6 2 1 7 
1051, 123, 251, 1349, 0, 43, 2 5 0 6 2 1 2 3 4 4 0 0 6 3 1 0 1 5 6 2 1 7 
1051, 123, 251, 1349, 0, 43, 2 5 0 6 2 1 2 3 4 4 0 0 6 3 1 0 1 5 6 2 1 7 
1052, 121, 250, 1350, 2, 43, 2 5 0 6 2 1 2 3 4 4 0 0 6 3 1 0 1 5 6 2 1 7 
1052, 121, 250, 1350, 2, 43, 2 5 0 6 2 1 2 3 4 4 0 0 6 3 1 0 1 5 6 2 1 7 
1052, 121, 250, 1350, 2, 43, 2 5 0 6 2 1 2 3 4 4 0 0 6 3 1 0 1 5 6 2 1 7 
1052, 121, 250, 1350, 2, 43, 2 5 0 6 2 1 2 3 4 4 0 0 6 3 1 0 1 5 6 2 1 7 
1056, 117, 250, 1350, 1, 43, 2 5 0 6 2 1 2 3 4 4 0 0 6 3 1 0 1 5 6 2 1 7 
1057, 117, 252, 1348, 1, 43, 2 5 0 6 2 1 2 3 4 4 0 0 6 3 1 0 1 5 6 2 1 7 
1057, 117, 252, 1348, 1, 43, 2 5 0 6 2 1 2 3 4 4 0 0 6 3 1 0 1 5 6 2 1 7 
1057, 117, 252, 1348, 1, 43, 2 5 0 6 2 1 2 3 4 4 0 0 6 3 1 0 1 5 6 2 1 7 
1057, 117, 252, 1348, 1, 43, 2 5 0 6 2 1 2 3 4 4 0 0 6 3 1 0 1 5 6 2 1 7 
1062, 117, 247, 1353, 0, 43, 2 5 0 6 2 1 2 3 4 4 0 0 6 3 1 0 1 5 6 2 1 7 
1062, 117, 247, 1353, 0, 43, 2 5 0 6 2 1 2 3 4 4 0 0 6 3 1 0 1 5 6 2 1 7 
1062, 117, 247, 1353, 0, 43, 2 5 0 6 2 1 2 3 4 4 0 0 6 3 1 0 1 5 6 2 1 7 
1062, 117, 247, 1353, 0, 43, 2 5 0 6 2 1 2 3 4 4 0 0 6 3 1 0 1 5 6 2 1 7 
1063, 115, 255, 1345, 0, 43, 2 5 0 6 2 1 2 3 4 4 0 0 6 3 1 0 1 5 6 2 1 7 
1063, 115, 255, 1345, 0, 43, 2 5 0 6 2 1 2 3 4 4 0 0 6 3 1 0 1 5 6 2 1 7 
1067, 122, 250, 1350, 21, 43, 2 5 0 6 2 1 2 3 4 4 0 0 6 3 1 0 1 5 6 2 1 7 
1068, 122, 246, 1354, 0, 43, 2 5 0 6 2 1 2 3 4 4 0 0 6 3 1 0 1 5 6 2 1 7 
1068, 122, 246, 1354, 0, 43, 2 5 0 6 2 1 2 3 4 4 0 0 6 3 1 0 1 5 6 2 1 7 
1068, 122, 246, 1354, 0, 43, 2 5 0 6 2 1 2 3 4 4 0 0 6 3 1 0 1 5 6 2 1 7 
1068, 122, 246, 1354, 0, 43, 2 5 0 6 2 1 2 3 4 4 0 0 6 3 1 0 1 5 6 2 1 7 
1073, 128, 248, 1352, 0, 43, 2 5 0 6 2 1 2 3 4 4 0 0 6 3 1 0 1 5 6 2 1 7 
1073, 128, 248, 1352, 0, 43, 2 5 0 6 2 1 2 3 4 4 0 0 6 3 1 0 1 5 6 2 1 7 
1073, 128, 248, 1352, 0, 43, 2 5 0 6 2 1 2 3 4 4 0 0 6 3 1 0 1 5 6 2 1 7 
1073, 128, 248, 1352, 0, 43, 2 5 0 6 2 1 2 3 4 4 0 0 6 3 1 0 1 5 6 2 1 7 
1073, 128, 248, 1352, 0, 43, 2 5 0 6 2 1 2 3 4 4 0 0 6 3 1 0 1 5 6 2 1 7 
1078, 125, 231, 1369, 0, 43, 2 5 0 6 2 1 2 3 4 4 0 0 6 3 1 0 1 5 6 2 1 7 
1078, 125, 231, 1369, 0, 43, 2 5 0 6 2 1 2 3 4 4 0 0 6 3 1 0 1 5 6 2 1 7 
1078, 125, 231, 1369, 0, 43, 2 5 0 6 2 1 2 3 4 4 0 0 6 3 1 0 1 5 6 2 1 7 
1078, 125, 231, 1369, 0, 43, 2 5 0 6 2 1 2 3 4 4 0 0 6 3 1 0 1 5 6 2 1 7 
1079, 126, 232, 1368, 1, 43, 2 5 0 6 2 1 2 3 4 4 0 0 6 3 1 0 1 5 6 2 1 7 
1079, 126, 232, 1368, 1, 43, 2 5 0 6 2 1 2 3 4 4 0 0 6 3 1 0 1 5 6 2 1 7 
1084, 126, 226, 1374, 1, 43, 2 5 0 6 2 1 2 3 4 4 0 0 6 3 1 0 1 5 6 2 1 7 
1085, 127, 226, 1374, 1, 43, 2 5 0 6 2 1 2 3 4 4 0 0 6 3 1 0 1 5 6 2 1 7 
1085, 127, 226, 1374, 1, 43, 2 5 0 6 2 1 2 3 4 4 0 0 6 3 1 0 1 5 6 2 1 7 
1085, 127, 226, 1374, 1, 43, 2 5 0 6 2 1 2 3 4 4 0 0 6 3 1 0 1 5 6 2 1 7 
1085, 127, 226, 1374, 1, 43, 2 5 0 6 2 1 2 3 4 4 0 0 6 3 1 0 1 5 6 2 1 7 
1085, 127, 226, 1374, 1, 43, 2 5 0 6 2 1 2 3 4 4 0 0 6 3 1 0 1 5 6 2 1 7 
1090, 126, 229, 1371, 0, 43, 2 5 0 6 2 1 2 3 4 4 0 0 6 3 1 0 1 5 6 2 1 7 
1090, 126, 229, 1371, 0, 43, 2 5 0 6 2 1 2 3 4 4 0 0 6 3 1 0 1 5 6 2 1 7 
1090, 126, 229, 1371, 0, 43, 2 5 0 6 2 1 2 3 4 4 0 0 6 3 1 0 1 5 6 2 1 7 
1090, 126, 229, 1371, 0, 43, 2 5 0 6 2 1 2 3 4 4 0 0 6 3 1 0 1 5 6 2 1 7 
1091, 126, 233, 1367, 0, 43, 2 5 0 6 2 1 2 3 4 4 0 0 6 3 1 0 1 5 6 2 1 7 
1091, 126, 233, 1367, 0, 43, 2 5 0 6 2 1 2 3 4 4 0 0 6 3 1 0 1 5 6 2 1 7 
1096, 134, 234, 1366, 0, 43, 2 5 0 6 2 1 2 3 4 4 0 0 6 3 1 0 1 5 6 2 1 7 
1097, 135, 235, 1365, 0, 43, 2 5 0 6 2 1 2 3 4 4 0 0 6 3 1 0 1 5 6 2 1 7 
1097, 135, 235, 1365, 0, 43, 2 5 0 6 2 1 2 3 4 4 0 0 6 3 1 0 1 5 6 2 1 7 
1097, 135, 235, 1365, 0, 43, 2 5 0 6 2 1 2 3 4 4 0 0 6 3 1 0 1 5 6 2 1 7 
1097, 135, 235, 1365, 0, 43, 2 5 0 6 2 1 2 3 4 4 0 0 6 3 1 0 1 5 6 2 1 7 
1097, 135, 235, 1365, 0, 43, 2 5 0 6 2 1 2 3 4 4 0 0 6 3 1 0 1 5 6 2 1 7 
1102, 135, 237, 1363, 0, 43, 2 5 0 6 2 1 2 3 4 4 0 0 6 3 1 0 1 5 6 2 1 7 
1102, 135, 237, 1363, 0, 43, 2 5 0 6 2 1 2 3 4 4 0 0 6 3 1 0 1 5 6 2 1 7 
1103, 134, 236, 1364, 1, 43, 2 5 0 6 2 1 2 3 4 4 0 0 6 3 1 0 1 5 6 2 1 7 
1103, 134, 236, 1364, 1, 43, 2 5 0 6 2 1 2 3 4 4 0 0 6 3 1 0 1 5 6 2 1 7 
1103, 134, 236, 1364, 1, 43, 2 5 0 6 2 1 2 3 4 4 0 0 6 3 1 0 1 5 6 2 1 7 
1103, 134, 236, 1364, 1, 43, 2 5 0 6 2 1 2 3 4 4 0 0 6 3 1 0 1 5 6 2 1 7 
1108, 135, 228, 1372, 0, 43, 2 5 0 6 2 1 2 3 4 4 0 0 6 3 1 0 1 5 6 2 1 7 
1108, 135, 228, 1372, 0, 43, 2 5 0 6 2 1 2 3 4 4 0 0 6 3 1 0 1 5 6 2 1 7 
1108, 135, 228, 1372, 0, 43, 2 5 0 6 2 1 2 3 4 4 0 0 6 3 1 0 1 5 6 2 1 7 
1108, 135, 228, 1372, 0, 43, 2 5 0 6 2 1 2 3 4 4 0 0 6 3 1 0 1 5 6 2 1 7 
1108, 135, 228, 1372, 0, 43, 2 5 0 6 2 1 2 3 4 4 0 0 6 3 1 0 1 5 6 2 1 7 
1108, 135, 228, 1372, 0, 43, 2 5 0 6 2 1 2 3 4 4 0 0 6 3 1 0 1 5 6 2 1 7 
1113, 138, 215, 1385, 2, 43, 2 5 0 6 2 1 2 3 4 4 0 0 6 3 1 0 1 5 6 2 1 7 
1113, 138, 215, 1385, 2, 43, 2 5 0 6 2 1 2 3 4 4 0 0 6 3 1 0 1 5 6 2 1 7 
1114, 136, 212, 1388, 0, 43, 2 5 0 6 2 1 2 3 4 4 0 0 6 3 1 0 1 5 6 2 1 7 
1114, 136, 212, 1388, 0, 43, 2 5 0 6 2 1 2 3 4 4 0 0 6 3 1 0 1 5 6 2 1 7 
1114, 136, 212, 1388, 0, 43, 2 5 0 6 2 1 2 3 4 4 0 0 6 3 1 0 1 5 6 2 1 7 
1119, 142, 200, 1400, 2, 42, 2 5 0 6 2 1 2 3 4 4 0 0 6 3 1 0 1 5 6 2 1 7 
1119, 142, 200, 1400, 2, 42, 2 5 0 6 2 1 2 3 4 4 0 0 6 3 1 0 1 5 6 2 1 7 
1119, 142, 200, 1400, 2, 42, 2 5 0 6 2 1 2 3 4 4 0 0 6 3 1 0 1 5 6 2 1 7 
1119, 142, 200, 1400, 2, 42, 2 5 0 6 2 1 2 3 4 4 0 0 6 3 1 0 1 5 6 2 1 7 
1119, 142, 200, 1400, 2, 42, 2 5 0 6 2 1 2 3 4 4 0 0 6 3 1 0 1 5 6 2 1 7 
1119, 142, 200, 1400, 2, 42, 2 5 0 6 2 1 2 3 4 4 0 0 6 3 1 0 1 5 6 2 1 7 
1124, 147, 209, 1391, 5, 43, 2 5 0 6 2 1 2 3 4 4 0 0 6 3 1 0 1 5 6 2 1 7 
1124, 147, 209, 1391, 5, 43, 2 5 0 6 2 1 2 3 4 4 0 0 6 3 1 0 1 5 6 2 1 7 
1125, 147, 211, 1389, 8, 43, 2 5 0 6 2 1 2 3 4 4 0 0 6 3 1 0 1 5 6 2 1 7 
1125, 147, 211, 1389, 8, 43, 2 5 0 6 2 1 2 3 4 4 0 0 6 3 1 0 1 5 6 2 1 7 
1125, 147, 211, 1389, 8, 43, 2 5 0 6 2 1 2 3 4 4 0 0 6 3 1 0 1 5 6 2 1 7 
1130, 140, 214, 1386, 0, 43, 2 5 0 6 2 1 2 3 4 4 0 0 6 3 1 0 1 5 6 2 1 7 
1130, 140, 214, 1386, 0, 43, 2 5 0 6 2 1 2 3 4 4 0 0 6 3 1 0 1 5 6 2 1 7 
1130, 140, 214, 1386, 0, 43, 2 5 0 6 2 1 2 3 4 4 0 0 6 3 1 0 1 5 6 2 1 7 
1130, 140, 214, 1386, 0, 43, 2 5 0 6 2 1 2 3 4 4 0 0 6 3 1 0 1 5 6 2 1 7 
1130, 140, 214, 1386, 0, 43, 2 5 0 6 2 1 2 3 4 4 0 0 6 3 1 0 1 5 6 2 1 7 
1130, 140, 214, 1386, 0, 43, 2 5 0 6 2 1 2 3 4 4 0 0 6 3 1 0 1 5 6 2 1 7 
1135, 135, 216, 1384, 1, 43, 2 5 0 6 2 1 2 3 4 4 0 0 6 3 1 0 1 5 6 2 1 7 
1136, 133, 209, 1391, 2, 43, 2 5 0 6 2 1 2 3 4 4 0 0 6 3 1 0 1 5 6 2 1 7 
1136, 133, 209, 1391, 2, 43, 2 5 0 6 2 1 2 3 4 4 0 0 6 3 1 0 1 5 6 2 1 7 
1136, 133, 209, 1391, 2, 43, 2 5 0 6 2 1 2 3 4 4 0 0 6 3 1 0 1 5 6 2 1 7 
1136, 133, 209, 1391, 2, 43, 2 5 0 6 2 1 2 3 4 4 0 0 6 3 1 0 1 5 6 2 1 7 
1141, 138, 223, 1377, 0, 43, 2 5 0 6 2 1 2 3 4 4 0 0 6 3 1 0 1 5 6 2 1 7 
1141, 138, 223, 1377, 0, 43, 2 5 0 6 2 1 2 3 4 4 0 0 6 3 1 0 1 5 6 2 1 7 
1141, 138, 223, 1377, 0, 43, 2 5 0 6 2 1 2 3 4 4 0 0 6 3 1 0 1 5 6 2 1 7 
1141, 138, 223, 1377, 0, 43, 2 5 0 6 2 1 2 3 4 4 0 0 6 3 1 0 1 5 6 2 1 7 
1142, 137, 226, 1374, 4, 43, 2 5 0 6 2 1 2 3 4 4 0 0 6 3 1 0 1 5 6 2 1 7 
1142, 137, 226, 1374, 4, 43, 2 5 0 6 2 1 2 3 4 4 0 0 6 3 1 0 1 5 6 2 1 7 
1147, 133, 216, 1384, 0, 43, 2 5 0 6 2 1 2 3 4 4 0 0 6 3 1 0 1 5 6 2 1 7 
1147, 133, 216, 1384, 0, 43, 2 5 0 6 2 1 2 3 4 4 0 0 6 3 1 0 1 5 6 2 1 7 
1147, 133, 216, 1384, 0, 43, 2 5 0 6 2 1 2 3 4 4 0 0 6 3 1 0 1 5 6 2 1 7 
1147, 133, 216, 1384, 0, 43, 2 5 0 6 2 1 2 3 4 4 0 0 6 3 1 0 1 5 6 2 1 7 
1147, 133, 216, 1384, 0, 43, 2 5 0 6 2 1 2 3 4 4 0 0 6 3 1 0 1 5 6 2 1 7 
1147, 133, 216, 1384, 0, 43, 2 5 0 6 2 1 2 3 4 4 0 0 6 3 1 0 1 5 6 2 1 7 
1152, 131, 216, 1384, 9, 43, 2 5 0 6 2 1 2 3 4 4 0 0 6 3 1 0 1 5 6 2 1 7 
1152, 131, 216, 1384, 9, 43, 2 5 0 6 2 1 2 3 4 4 0 0 6 3 1 0 1 5 6 2 1 7 
1152, 131, 216, 1384, 9, 43, 2 5 0 6 2 1 2 3 4 4 0 0 6 3 1 0 1 5 6 2 1 7 
1152, 131, 216, 1384, 9, 43, 2 5 0 6 2 1 2 3 4 4 0 0 6 3 1 0 1 5 6 2 1 7 
1153, 131, 212, 1388, 0, 43, 2 5 0 6 2 1 2 3 4 4 0 0 6 3 1 0 1 5 6 2 1 7 
1158, 126, 221, 1379, 0, 43, 2 5 0 6 2 1 2 3 4 4 0 0 6 3 1 0 1 5 6 2 1 7 
1158, 126, 221, 1379, 0, 43, 2 5 0 6 2 1 2 3 4 4 0 0 6 3 1 0 1 5 6 2 1 7 
1158, 126, 221, 1379, 0, 43, 2 5 0 6 2 1 2 3 4 4 0 0 6 3 1 0 1 5 6 2 1 7 
1158, 126, 221, 1379, 0, 43, 2 5 0 6 2 1 2 3 4 4 0 0 6 3 1 0 1 5 6 2 1 7 
1158, 126, 221, 1379, 0, 43, 2 5 0 6 2 1 2 3 4 4 0 0 6 3 1 0 1 5 6 2 1 7 
1158, 126, 221, 1379, 0, 43, 2 5 0 6 2 1 2 3 4 4 0 0 6 3 1 0 1 5 6 2 1 7 
1164, 127, 220, 1380, 0, 44, 2 5 0 6 2 1 2 3 4 4 0 0 6 3 1 0 1 5 6 2 1 7 
1164, 127, 220, 1380, 0, 44, 2 5 0 6 2 1 2 3 4 4 0 0 6 3 1 0 1 5 6 2 1 7 
1164, 127, 220, 1380, 0, 44, 2 5 0 6 2 1 2 3 4 4 0 0 6 3 1 0 1 5 6 2 1 7 
1164, 127, 220, 1380, 0, 44, 2 5 0 6 2 1 2 3 4 4 0 0 6 3 1 0 1 5 6 2 1 7 
1164, 127, 220, 1380, 0, 44, 2 5 0 6 2 1 2 3 4 4 0 0 6 3 1 0 1 5 6 2 1 7 
1164, 127, 220, 1380, 0, 44, 2 5 0 6 2 1 2 3 4 4 0 0 6 3 1 0 1 5 6 2 1 7 
1169, 125, 209, 1391, 2, 44, 2 5 0 6 2 1 2 3 4 4 0 0 6 3 1 0 1 5 6 2 1 7 
1170, 124, 213, 1387, 1, 44, 2 5 0 6 2 1 2 3 4 4 0 0 6 3 1 0 1 5 6 2 1 7 
1170, 124, 213, 1387, 1, 44, 2 5 0 6 2 1 2 3 4 4 0 0 6 3 1 0 1 5 6 2 1 7 
1170, 124, 213, 1387, 1, 44, 2 5 0 6 2 1 2 3 4 4 0 0 6 3 1 0 1 5 6 2 1 7 
1170, 124, 213, 1387, 1, 44, 2 5 0 6 2 1 2 3 4 4 0 0 6 3 1 0 1 5 6 2 1 7 
1175, 121, 226, 1374, 0, 44, 2 5 0 6 2 1 2 3 4 4 0 0 6 3 1 0 1 5 6 2 1 7 
1175, 121, 226, 1374, 0, 44, 2 5 0 6 2 1 2 3 4 4 0 0 6 3 1 0 1 5 6 2 1 7 
1176, 118, 224, 1376, 1, 44, 2 5 0 6 2 1 2 3 4 4 0 0 6 3 1 0 1 5 6 2 1 7 
1176, 118, 224, 1376, 1, 44, 2 5 0 6 2 1 2 3 4 4 0 0 6 3 1 0 1 5 6 2 1 7 
1176, 118, 224, 1376, 1, 44, 2 5 0 6 2 1 2 3 4 4 0 0 6 3 1 0 1 5 6 2 1 7 
1176, 118, 224, 1376, 1, 44, 2 5 0 6 2 1 2 3 4 4 0 0 6 3 1 0 1 5 6 2 1 7 
1181, 113, 238, 1362, 4, 44, 2 5 0 6 2 1 2 3 4 4 0 0 6 3 1 0 1 5 6 2 1 7 
1181, 113, 238, 1362, 4, 44, 2 5 0 6 2 1 2 3 4 4 0 0 6 3 1 0 1 5 6 2 1 7 
1182, 111, 243, 1357, 3, 44, 2 5 0 6 2 1 2 3 4 4 0 0 6 3 1 0 1 5 6 2 1 7 
1182, 111, 243, 1357, 3, 44, 2 5 0 6 2 1 2 3 4 4 0 0 6 3 1 0 1 5 6 2 1 7 
1182, 111, 243, 1357, 3, 44, 2 5 0 6 2 1 2 3 4 4 0 0 6 3 1 0 1 5 6 2 1 7 
1182, 111, 243, 1357, 3, 44, 2 5 0 6 2 1 2 3 4 4 0 0 6 3 1 0 1 5 6 2 1 7 
1187, 102, 251, 1349, 2, 45, 2 5 0 6 2 1 2 3 4 4 0 0 6 3 1 0 1 5 6 2 1 7 
1187, 102, 251, 1349, 2, 45, 2 5 0 6 2 1 2 3 4 4 0 0 6 3 1 0 1 5 6 2 1 7 
1187, 102, 251, 1349, 2, 45, 2 5 0 6 2 1 2 3 4 4 0 0 6 3 1 0 1 5 6 2 1 7 
1187, 102, 251, 1349, 2, 45, 2 5 0 6 2 1 2 3 4 4 0 0 6 3 1 0 1 5 6 2 1 7 
1188, 103, 243, 1357, 0, 45, 2 5 0 6 2 1 2 3 4 4 0 0 6 3 1 0 1 5 6 2 1 7 
1188, 103, 243, 1357, 0, 45, 2 5 0 6 2 1 2 3 4 4 0 0 6 3 1 0 1 5 6 2 1 7 
1193, 101, 246, 1354, 0, 45, 2 5 0 6 2 1 2 3 4 4 0 0 6 3 1 0 1 5 6 2 1 7 
1193, 101, 246, 1354, 0, 45, 2 5 0 6 2 1 2 3 4 4 0 0 6 3 1 0 1 5 6 2 1 7 
1193, 101, 246, 1354, 0, 45, 2 5 0 6 2 1 2 3 4 4 0 0 6 3 1 0 1 5 6 2 1 7 
1194, 102, 252, 1348, 2, 45, 2 5 0 6 2 1 2 3 4 4 0 0 6 3 1 0 1 5 6 2 1 7 
1194, 102, 252, 1348, 2, 45, 2 5 0 6 2 1 2 3 4 4 0 0 6 3 1 0 1 5 6 2 1 7 
1194, 102, 252, 1348, 2, 45, 2 5 0 6 2 1 2 3 4 4 0 0 6 3 1 0 1 5 6 2 1 7 
1199, 106, 265, 1335, 22, 45, 2 5 0 6 2 1 2 3 4 4 0 0 6 3 1 0 1 5 6 2 1 7 
1199, 106, 265, 1335, 22, 45, 2 5 0 6 2 1 2 3 4 4 0 0 6 3 1 0 1 5 6 2 1 7 
1199, 106, 265, 1335, 22, 45, 2 5 0 6 2 1 2 3 4 4 0 0 6 3 1 0 1 5 6 2 1 7 
1199, 106, 265, 1335, 22, 45, 2 5 0 6 2 1 2 3 4 4 0 0 6 3 1 0 1 5 6 2 1 7 
1200, 107, 264, 1336, 3, 45, 2 5 0 6 2 1 2 3 4 4 0 0 6 3 1 0 1 5 6 2 1 7 
1200, 107, 264, 1336, 3, 45, 2 5 0 6 2 1 2 3 4 4 0 0 6 3 1 0 1 5 6 2 1 7 
1205, 111, 270, 1330, 0, 45, 2 5 0 6 2 1 2 3 4 4 0 0 6 3 1 0 1 5 6 2 1 7 
1205, 111, 270, 1330, 0, 45, 2 5 0 6 2 1 2 3 4 4 0 0 6 3 1 0 1 5 6 2 1 7 
1205, 111, 270, 1330, 0, 45, 2 5 0 6 2 1 2 3 4 4 0 0 6 3 1 0 1 5 6 2 1 7 
1205, 111, 270, 1330, 0, 45, 2 5 0 6 2 1 2 3 4 4 0 0 6 3 1 0 1 5 6 2 1 7 
1206, 107, 272, 1328, 12, 45, 2 5 0 6 2 1 2 3 4 4 0 0 6 3 1 0 1 5 6 2 1 7 
1206, 107, 272, 1328, 12, 45, 2 5 0 6 2 1 2 3 4 4 0 0 6 3 1 0 1 5 6 2 1 7 
1211, 108, 268, 1332, 2, 45, 2 5 0 6 2 1 2 3 4 4 0 0 6 3 1 0 1 5 6 2 1 7 
1211, 108, 268, 1332, 2, 45, 2 5 0 6 2 1 2 3 4 4 0 0 6 3 1 0 1 5 6 2 1 7 
1211, 108, 268, 1332, 2, 45, 2 5 0 6 2 1 2 3 4 4 0 0 6 3 1 0 1 5 6 2 1 7 
1211, 108, 268, 1332, 2, 45, 2 5 0 6 2 1 2 3 4 4 0 0 6 3 1 0 1 5 6 2 1 7 
1212, 108, 271, 1329, 2, 45, 2 5 0 6 2 1 2 3 4 4 0 0 6 3 1 0 1 5 6 2 1 7 
1212, 108, 271, 1329, 2, 45, 2 5 0 6 2 1 2 3 4 4 0 0 6 3 1 0 1 5 6 2 1 7 
1217, 107, 271, 1329, 1, 45, 2 5 0 6 2 1 2 3 4 4 0 0 6 3 1 0 1 5 6 2 1 7 
1217, 107, 271, 1329, 1, 45, 2 5 0 6 2 1 2 3 4 4 0 0 6 3 1 0 1 5 6 2 1 7 
1217, 107, 271, 1329, 1, 45, 2 5 0 6 2 1 2 3 4 4 0 0 6 3 1 0 1 5 6 2 1 7 
1218, 103, 272, 1328, 6, 45, 2 5 0 6 2 1 2 3 4 4 0 0 6 3 1 0 1 5 6 2 1 7 
1218, 103, 272, 1328, 6, 45, 2 5 0 6 2 1 2 3 4 4 0 0 6 3 1 0 1 5 6 2 1 7 
1218, 103, 272, 1328, 6, 45, 2 5 0 6 2 1 2 3 4 4 0 0 6 3 1 0 1 5 6 2 1 7 
1223, 105, 276, 1324, 0, 45, 2 5 0 6 2 1 2 3 4 4 0 0 6 3 1 0 1 5 6 2 1 7 
1223, 105, 276, 1324, 0, 45, 2 5 0 6 2 1 2 3 4 4 0 0 6 3 1 0 1 5 6 2 1 7 
1223, 105, 276, 1324, 0, 45, 2 5 0 6 2 1 2 3 4 4 0 0 6 3 1 0 1 5 6 2 1 7 
1224, 105, 272, 1328, 0, 45, 2 5 0 6 2 1 2 3 4 4 0 0 6 3 1 0 1 5 6 2 1 7 
1224, 105, 272, 1328, 0, 45, 2 5 0 6 2 1 2 3 4 4 0 0 6 3 1 0 1 5 6 2 1 7 
1224, 105, 272, 1328, 0, 45, 2 5 0 6 2 1 2 3 4 4 0 0 6 3 1 0 1 5 6 2 1 7 
1229, 105, 270, 1330, 0, 45, 2 5 0 6 2 1 2 3 4 4 0 0 6 3 1 0 1 5 6 2 1 7 
1229, 105, 270, 1330, 0, 45, 2 5 0 6 2 1 2 3 4 4 0 0 6 3 1 0 1 5 6 2 1 7 
1229, 105, 270, 1330, 0, 45, 2 5 0 6 2 1 2 3 4 4 0 0 6 3 1 0 1 5 6 2 1 7 
1230, 104, 263, 1337, 3, 45, 2 5 0 6 2 1 2 3 4 4 0 0 6 3 1 0 1 5 6 2 1 7 
1230, 104, 263, 1337, 3, 45, 2 5 0 6 2 1 2 3 4 4 0 0 6 3 1 0 1 5 6 2 1 7 
1230, 104, 263, 1337, 3, 45, 2 5 0 6 2 1 2 3 4 4 0 0 6 3 1 0 1 5 6 2 1 7 
1235, 105, 258, 1342, 2, 45, 2 5 0 6 2 1 2 3 4 4 0 0 6 3 1 0 1 5 6 2 1 7 
1235, 105, 258, 1342, 2, 45, 2 5 0 6 2 1 2 3 4 4 0 0 6 3 1 0 1 5 6 2 1 7 
1236, 107, 256, 1344, 0, 45, 2 5 0 6 2 1 2 3 4 4 0 0 6 3 1 0 1 5 6 2 1 7 
1236, 107, 256, 1344, 0, 45, 2 5 0 6 2 1 2 3 4 4 0 0 6 3 1 0 1 5 6 2 1 7 
1236, 107, 256, 1344, 0, 45, 2 5 0 6 2 1 2 3 4 4 0 0 6 3 1 0 1 5 6 2 1 7 
1236, 107, 256, 1344, 0, 45, 2 5 0 6 2 1 2 3 4 4 0 0 6 3 1 0 1 5 6 2 1 7 
1241, 115, 256, 1344, 5, 45, 2 5 0 6 2 1 2 3 4 4 0 0 6 3 1 0 1 5 6 2 1 7 
1242, 114, 256, 1344, 4, 45, 2 5 0 6 2 1 2 3 4 4 0 0 6 3 1 0 1 5 6 2 1 7 
1242, 114, 256, 1344, 4, 45, 2 5 0 6 2 1 2 3 4 4 0 0 6 3 1 0 1 5 6 2 1 7 
1242, 114, 256, 1344, 4, 45, 2 5 0 6 2 1 2 3 4 4 0 0 6 3 1 0 1 5 6 2 1 7 
1242, 114, 256, 1344, 4, 45, 2 5 0 6 2 1 2 3 4 4 0 0 6 3 1 0 1 5 6 2 1 7 
1242, 114, 256, 1344, 4, 45, 2 5 0 6 2 1 2 3 4 4 0 0 6 3 1 0 1 5 6 2 1 7 
1248, 120, 252, 1348, 12, 45, 2 5 0 6 2 1 2 3 4 4 0 0 6 3 1 0 1 5 6 2 1 7 
1248, 120, 252, 1348, 12, 45, 2 5 0 6 2 1 2 3 4 4 0 0 6 3 1 0 1 5 6 2 1 7 
1248, 120, 252, 1348, 12, 45, 2 5 0 6 2 1 2 3 4 4 0 0 6 3 1 0 1 5 6 2 1 7 
1248, 120, 252, 1348, 12, 45, 2 5 0 6 2 1 2 3 4 4 0 0 6 3 1 0 1 5 6 2 1 7 
1248, 120, 252, 1348, 12, 45, 2 5 0 6 2 1 2 3 4 4 0 0 6 3 1 0 1 5 6 2 1 7 
1248, 120, 252, 1348, 12, 45, 2 5 0 6 2 1 2 3 4 4 0 0 6 3 1 0 1 5 6 2 1 7 
1248, 120, 252, 1348, 12, 45, 2 5 0 6 2 1 2 3 4 4 0 0 6 3 1 0 1 5 6 2 1 7 
1254, 117, 239, 1361, 3, 45, 2 5 0 6 2 1 2 3 4 4 0 0 6 3 1 0 1 5 6 2 1 7 
1254, 117, 239, 1361, 3, 45, 2 5 0 6 2 1 2 3 4 4 0 0 6 3 1 0 1 5 6 2 1 7 
1254, 117, 239, 1361, 3, 45, 2 5 0 6 2 1 2 3 4 4 0 0 6 3 1 0 1 5 6 2 1 7 
1254, 117, 239, 1361, 3, 45, 2 5 0 6 2 1 2 3 4 4 0 0 6 3 1 0 1 5 6 2 1 7 
1254, 117, 239, 1361, 3, 45, 2 5 0 6 2 1 2 3 4 4 0 0 6 3 1 0 1 5 6 2 1 7 
1255, 118, 236, 1364, 7, 45, 2 5 0 6 2 1 2 3 4 4 0 0 6 3 1 0 1 5 6 2 1 7 
1260, 121, 251, 1349, 5, 45, 2 5 0 6 2 1 2 3 4 4 0 0 6 3 1 0 1 5 6 2 1 7 
1260, 121, 251, 1349, 5, 45, 2 5 0 6 2 1 2 3 4 4 0 0 6 3 1 0 1 5 6 2 1 7 
1260, 121, 251, 1349, 5, 45, 2 5 0 6 2 1 2 3 4 4 0 0 6 3 1 0 1 5 6 2 1 7 
1261, 121, 249, 1351, 1, 45, 2 5 0 6 2 1 2 3 4 4 0 0 6 3 1 0 1 5 6 2 1 7 
1261, 121, 249, 1351, 1, 45, 2 5 0 6 2 1 2 3 4 4 0 0 6 3 1 0 1 5 6 2 1 7 
1261, 121, 249, 1351, 1, 45, 2 5 0 6 2 1 2 3 4 4 0 0 6 3 1 0 1 5 6 2 1 7 
1267, 125, 243, 1357, 2, 45, 2 5 0 6 2 1 2 3 4 4 0 0 6 3 1 0 1 5 6 2 1 7 
1267, 125, 243, 1357, 2, 45, 2 5 0 6 2 1 2 3 4 4 0 0 6 3 1 0 1 5 6 2 1 7 
1267, 125, 243, 1357, 2, 45, 2 5 0 6 2 1 2 3 4 4 0 0 6 3 1 0 1 5 6 2 1 7 
1267, 125, 243, 1357, 2, 45, 2 5 0 6 2 1 2 3 4 4 0 0 6 3 1 0 1 5 6 2 1 7 
1267, 125, 243, 1357, 2, 45, 2 5 0 6 2 1 2 3 4 4 0 0 6 3 1 0 1 5 6 2 1 7 
1267, 125, 243, 1357, 2, 45, 2 5 0 6 2 1 2 3 4 4 0 0 6 3 1 0 1 5 6 2 1 7 
1267, 125, 243, 1357, 2, 45, 2 5 0 6 2 1 2 3 4 4 0 0 6 3 1 0 1 5 6 2 1 7 
1273, 134, 233, 1367, 2, 45, 2 5 0 6 2 1 2 3 4 4 0 0 6 3 1 0 1 5 6 2 1 7 
1273, 134, 233, 1367, 2, 45, 2 5 0 6 2 1 2 3 4 4 0 0 6 3 1 0 1 5 6 2 1 7 
1273, 134, 233, 1367, 2, 45, 2 5 0 6 2 1 2 3 4 4 0 0 6 3 1 0 1 5 6 2 1 7 
1273, 134, 233, 1367, 2, 45, 2 5 0 6 2 1 2 3 4 4 0 0 6 3 1 0 1 5 6 2 1 7 
1273, 134, 233, 1367, 2, 45, 2 5 0 6 2 1 2 3 4 4 0 0 6 3 1 0 1 5 6 2 1 7 
1273, 134, 233, 1367, 2, 45, 2 5 0 6 2 1 2 3 4 4 0 0 6 3 1 0 1 5 6 2 1 7 
1279, 127, 231, 1369, 1, 46, 2 5 0 6 2 1 2 3 4 4 0 0 6 3 1 0 1 5 6 2 1 7 
1279, 127, 231, 1369, 1, 46, 2 5 0 6 2 1 2 3 4 4 0 0 6 3 1 0 1 5 6 2 1 7 
1279, 127, 231, 1369, 1, 46, 2 5 0 6 2 1 2 3 4 4 0 0 6 3 1 0 1 5 6 2 1 7 
1279, 127, 231, 1369, 1, 46, 2 5 0 6 2 1 2 3 4 4 0 0 6 3 1 0 1 5 6 2 1 7 
1279, 127, 231, 1369, 1, 46, 2 5 0 6 2 1 2 3 4 4 0 0 6 3 1 0 1 5 6 2 1 7 
1279, 127, 231, 1369, 1, 46, 2 5 0 6 2 1 2 3 4 4 0 0 6 3 1 0 1 5 6 2 1 7 
1285, 126, 223, 1377, 2, 46, 2 5 0 6 2 1 2 3 4 4 0 0 6 3 1 0 1 5 6 2 1 7 
1285, 126, 223, 1377, 2, 46, 2 5 0 6 2 1 2 3 4 4 0 0 6 3 1 0 1 5 6 2 1 7 
1286, 125, 217, 1383, 3, 46, 2 5 0 6 2 1 2 3 4 4 0 0 6 3 1 0 1 5 6 2 1 7 
1286, 125, 217, 1383, 3, 46, 2 5 0 6 2 1 2 3 4 4 0 0 6 3 1 0 1 5 6 2 1 7 
1286, 125, 217, 1383, 3, 46, 2 5 0 6 2 1 2 3 4 4 0 0 6 3 1 0 1 5 6 2 1 7 
1286, 125, 217, 1383, 3, 46, 2 5 0 6 2 1 2 3 4 4 0 0 6 3 1 0 1 5 6 2 1 7 
1292, 124, 205, 1395, 0, 46, 2 5 0 6 2 1 2 3 4 4 0 0 6 3 1 0 1 5 6 2 1 7 
1292, 124, 205, 1395, 0, 46, 2 5 0 6 2 1 2 3 4 4 0 0 6 3 1 0 1 5 6 2 1 7 
1292, 124, 205, 1395, 0, 46, 2 5 0 6 2 1 2 3 4 4 0 0 6 3 1 0 1 5 6 2 1 7 
1292, 124, 205, 1395, 0, 46, 2 5 0 6 2 1 2 3 4 4 0 0 6 3 1 0 1 5 6 2 1 7 
1292, 124, 205, 1395, 0, 46, 2 5 0 6 2 1 2 3 4 4 0 0 6 3 1 0 1 5 6 2 1 7 
1292, 124, 205, 1395, 0, 46, 2 5 0 6 2 1 2 3 4 4 0 0 6 3 1 0 1 5 6 2 1 7 
1292, 124, 205, 1395, 0, 46, 2 5 0 6 2 1 2 3 4 4 0 0 6 3 1 0 1 5 6 2 1 7 
1298, 131, 208, 1392, 8, 46, 2 5 0 6 2 1 2 3 4 4 0 0 6 3 1 0 1 5 6 2 1 7 
1298, 131, 208, 1392, 8, 46, 2 5 0 6 2 1 2 3 4 4 0 0 6 3 1 0 1 5 6 2 1 7 
1298, 131, 208, 1392, 8, 46, 2 5 0 6 2 1 2 3 4 4 0 0 6 3 1 0 1 5 6 2 1 7 
1299, 130, 207, 1393, 1, 46, 2 5 0 6 2 1 2 3 4 4 0 0 6 3 1 0 1 5 6 2 1 7 
1299, 130, 207, 1393, 1, 46, 2 5 0 6 2 1 2 3 4 4 0 0 6 3 1 0 1 5 6 2 1 7 
1299, 130, 207, 1393, 1, 46, 2 5 0 6 2 1 2 3 4 4 0 0 6 3 1 0 1 5 6 2 1 7 
1305, 137, 228, 1372, 4, 46, 2 5 0 6 2 1 2 3 4 4 0 0 6 3 1 0 1 5 6 2 1 7 
1305, 137, 228, 1372, 4, 46, 2 5 0 6 2 1 2 3 4 4 0 0 6 3 1 0 1 5 6 2 1 7 
1305, 137, 228, 1372, 4, 46, 2 5 0 6 2 1 2 3 4 4 0 0 6 3 1 0 1 5 6 2 1 7 
1305, 137, 228, 1372, 4, 46, 2 5 0 6 2 1 2 3 4 4 0 0 6 3 1 0 1 5 6 2 1 7 
1305, 137, 228, 1372, 4, 46, 2 5 0 6 2 1 2 3 4 4 0 0 6 3 1 0 1 5 6 2 1 7 
1305, 137, 228, 1372, 4, 46, 2 5 0 6 2 1 2 3 4 4 0 0 6 3 1 0 1 5 6 2 1 7 
1305, 137, 228, 1372, 4, 46, 2 5 0 6 2 1 2 3 4 4 0 0 6 3 1 0 1 5 6 2 1 7 
1311, 142, 208, 1392, 7, 46, 2 5 0 6 2 1 2 3 4 4 0 0 6 3 1 0 1 5 6 2 1 7 
1311, 142, 208, 1392, 7, 46, 2 5 0 6 2 1 2 3 4 4 0 0 6 3 1 0 1 5 6 2 1 7 
1312, 139, 202, 1398, 0, 46, 2 5 0 6 2 1 2 3 4 4 0 0 6 3 1 0 1 5 6 2 1 7 
1312, 139, 202, 1398, 0, 46, 2 5 0 6 2 1 2 3 4 4 0 0 6 3 1 0 1 5 6 2 1 7 
1312, 139, 202, 1398, 0, 46, 2 5 0 6 2 1 2 3 4 4 0 0 6 3 1 0 1 5 6 2 1 7 
1312, 139, 202, 1398, 0, 46, 2 5 0 6 2 1 2 3 4 4 0 0 6 3 1 0 1 5 6 2 1 7 
1318, 135, 198, 1402, 2, 46, 2 5 0 6 2 1 2 3 4 4 0 0 6 3 1 0 1 5 6 2 1 7 
1318, 135, 198, 1402, 2, 46, 2 5 0 6 2 1 2 3 4 4 0 0 6 3 1 0 1 5 6 2 1 7 
1318, 135, 198, 1402, 2, 46, 2 5 0 6 2 1 2 3 4 4 0 0 6 3 1 0 1 5 6 2 1 7 
1318, 135, 198, 1402, 2, 46, 2 5 0 6 2 1 2 3 4 4 0 0 6 3 1 0 1 5 6 2 1 7 
1318, 135, 198, 1402, 2, 46, 2 5 0 6 2 1 2 3 4 4 0 0 6 3 1 0 1 5 6 2 1 7 
1319, 135, 194, 1406, 0, 46, 2 5 0 6 2 1 2 3 4 4 0 0 6 3 1 0 1 5 6 2 1 7 
1319, 135, 194, 1406, 0, 46, 2 5 0 6 2 1 2 3 4 4 0 0 6 3 1 0 1 5 6 2 1 7 
1325, 132, 187, 1413, 4, 47, 2 5 0 6 2 1 2 3 4 4 0 0 6 3 1 0 1 5 6 2 1 7 
1325, 132, 187, 1413, 4, 47, 2 5 0 6 2 1 2 3 4 4 0 0 6 3 1 0 1 5 6 2 1 7 
1325, 132, 187, 1413, 4, 47, 2 5 0 6 2 1 2 3 4 4 0 0 6 3 1 0 1 5 6 2 1 7 
1325, 132, 187, 1413, 4, 47, 2 5 0 6 2 1 2 3 4 4 0 0 6 3 1 0 1 5 6 2 1 7 
1325, 132, 187, 1413, 4, 47, 2 5 0 6 2 1 2 3 4 4 0 0 6 3 1 0 1 5 6 2 1 7 
1325, 132, 187, 1413, 4, 47, 2 5 0 6 2 1 2 3 4 4 0 0 6 3 1 0 1 5 6 2 1 7 
1325, 132, 187, 1413, 4, 47, 2 5 0 6 2 1 2 3 4 4 0 0 6 3 1 0 1 5 6 2 1 7 
1331, 132, 188, 1412, 7, 47, 2 5 0 6 2 1 2 3 4 4 0 0 6 3 1 0 1 5 6 2 1 7 
1331, 132, 188, 1412, 7, 47, 2 5 0 6 2 1 2 3 4 4 0 0 6 3 1 0 1 5 6 2 1 7 
1332, 137, 192, 1408, 3, 47, 2 5 0 6 2 1 2 3 4 4 0 0 6 3 1 0 1 5 6 2 1 7 
1332, 137, 192, 1408, 3, 47, 2 5 0 6 2 1 2 3 4 4 0 0 6 3 1 0 1 5 6 2 1 7 
1332, 137, 192, 1408, 3, 47, 2 5 0 6 2 1 2 3 4 4 0 0 6 3 1 0 1 5 6 2 1 7 
1332, 137, 192, 1408, 3, 47, 2 5 0 6 2 1 2 3 4 4 0 0 6 3 1 0 1 5 6 2 1 7 
1338, 130, 196, 1404, 1, 47, 2 5 0 6 2 1 2 3 4 4 0 0 6 3 1 0 1 5 6 2 1 7 
1338, 130, 196, 1404, 1, 47, 2 5 0 6 2 1 2 3 4 4 0 0 6 3 1 0 1 5 6 2 1 7 
1338, 130, 196, 1404, 1, 47, 2 5 0 6 2 1 2 3 4 4 0 0 6 3 1 0 1 5 6 2 1 7 
1338, 130, 196, 1404, 1, 47, 2 5 0 6 2 1 2 3 4 4 0 0 6 3 1 0 1 5 6 2 1 7 
1338, 130, 196, 1404, 1, 47, 2 5 0 6 2 1 2 3 4 4 0 0 6 3 1 0 1 5 6 2 1 7 
1338, 130, 196, 1404, 1, 47, 2 5 0 6 2 1 2 3 4 4 0 0 6 3 1 0 1 5 6 2 1 7 
1339, 134, 194, 1406, 10, 47, 2 5 0 6 2 1 2 3 4 4 0 0 6 3 1 0 1 5 6 2 1 7 
1345, 132, 204, 1396, 10, 47, 2 5 0 6 2 1 2 3 4 4 0 0 6 3 1 0 1 5 6 2 1 7 
1345, 132, 204, 1396, 10, 47, 2 5 0 6 2 1 2 3 4 4 0 0 6 3 1 0 1 5 6 2 1 7 
1345, 132, 204, 1396, 10, 47, 2 5 0 6 2 1 2 3 4 4 0 0 6 3 1 0 1 5 6 2 1 7 
1345, 132, 204, 1396, 10, 47, 2 5 0 6 2 1 2 3 4 4 0 0 6 3 1 0 1 5 6 2 1 7 
1345, 132, 204, 1396, 10, 47, 2 5 0 6 2 1 2 3 4 4 0 0 6 3 1 0 1 5 6 2 1 7 
1345, 132, 204, 1396, 10, 47, 2 5 0 6 2 1 2 3 4 4 0 0 6 3 1 0 1 5 6 2 