day, numberOfAnimals, numberOfGrass, numberOfEmptyTiles, averageEnergyLevel, averageLifeLength, strongestGenes, 
2, 15, 42, 1558, 20, 0, 4 0 5 4 3 4 4 0 0 5 2 2 0 6 5 6 1 7 5 2 4 4 
3, 15, 56, 1544, 19, 0, 4 0 5 4 3 4 4 0 0 5 2 2 0 6 5 6 1 7 5 2 4 4 
4, 15, 70, 1530, 18, 0, 4 0 5 4 3 4 4 0 0 5 2 2 0 6 5 6 1 7 5 2 4 4 
5, 15, 82, 1518, 18, 0, 4 0 5 4 3 4 4 0 0 5 2 2 0 6 5 6 1 7 5 2 4 4 
6, 15, 97, 1503, 17, 0, 4 0 5 4 3 4 4 0 0 5 2 2 0 6 5 6 1 7 5 2 4 4 
7, 15, 111, 1489, 16, 0, 4 0 5 4 3 4 4 0 0 5 2 2 0 6 5 6 1 7 5 2 4 4 
8, 15, 124, 1476, 16, 0, 4 0 5 4 3 4 4 0 0 5 2 2 0 6 5 6 1 7 5 2 4 4 
9, 15, 138, 1462, 15, 0, 4 0 5 4 3 4 4 0 0 5 2 2 0 6 5 6 1 7 5 2 4 4 
10, 15, 152, 1448, 14, 0, 4 0 5 4 3 4 4 0 0 5 2 2 0 6 5 6 1 7 5 2 4 4 
11, 15, 167, 1433, 14, 0, 4 0 5 4 3 4 4 0 0 5 2 2 0 6 5 6 1 7 5 2 4 4 
12, 15, 182, 1418, 13, 0, 4 0 5 4 3 4 4 0 0 5 2 2 0 6 5 6 1 7 5 2 4 4 
13, 15, 197, 1403, 12, 0, 4 0 5 4 3 4 4 0 0 5 2 2 0 6 5 6 1 7 5 2 4 4 
14, 16, 210, 1390, 11, 0, 4 0 5 4 3 4 4 0 0 5 2 2 0 6 5 6 1 7 5 2 4 4 
15, 16, 224, 1376, 10, 0, 4 0 5 4 3 4 4 0 0 5 2 2 0 6 5 6 1 7 5 2 4 4 
16, 16, 237, 1363, 10, 0, 4 0 5 4 3 4 4 0 0 5 2 2 0 6 5 6 1 7 5 2 4 4 
17, 16, 248, 1352, 7, 0, 4 0 5 4 3 4 4 0 0 5 2 2 0 6 5 6 1 7 5 2 4 4 
18, 16, 262, 1338, 6, 0, 4 0 5 4 3 4 4 0 0 5 2 2 0 6 5 6 1 7 5 2 4 4 
19, 16, 274, 1326, 10, 0, 4 0 5 4 3 4 4 0 0 5 2 2 0 6 5 6 1 7 5 2 4 4 
20, 17, 285, 1315, 12, 0, 4 0 5 4 3 4 4 0 0 5 2 2 0 6 5 6 1 7 5 2 4 4 
21, 17, 295, 1305, 6, 0, 4 0 5 4 3 4 4 0 0 5 2 2 0 6 5 6 1 7 5 2 4 4 
22, 17, 308, 1292, 0, 0, 4 0 5 4 3 4 4 0 0 5 2 2 0 6 5 6 1 7 5 2 4 4 
23, 17, 316, 1284, 8, 0, 4 0 5 4 3 4 4 0 0 5 2 2 0 6 5 6 1 7 5 2 4 4 
24, 17, 330, 1270, 7, 0, 4 0 5 4 3 4 4 0 0 5 2 2 0 6 5 6 1 7 5 2 4 4 
25, 17, 341, 1259, 7, 0, 4 0 5 4 3 4 4 0 0 5 2 2 0 6 5 6 1 7 5 2 4 4 
26, 17, 352, 1248, 22, 0, 4 0 5 4 3 4 4 0 0 5 2 2 0 6 5 6 1 7 5 2 4 4 
27, 18, 360, 1240, 6, 0, 4 0 5 4 3 4 4 0 0 5 2 2 0 6 5 6 1 7 5 2 4 4 
28, 18, 373, 1227, 5, 0, 4 0 5 4 3 4 4 0 0 5 2 2 0 6 5 6 1 7 5 2 4 4 
29, 18, 383, 1217, 5, 0, 4 0 5 4 3 4 4 0 0 5 2 2 0 6 5 6 1 7 5 2 4 4 
30, 18, 392, 1208, 5, 0, 4 0 5 4 3 4 4 0 0 5 2 2 0 6 5 6 1 7 5 2 4 4 
31, 18, 401, 1199, 8, 0, 4 0 5 4 3 4 4 0 0 5 2 2 0 6 5 6 1 7 5 2 4 4 
32, 18, 415, 1185, 8, 0, 4 0 5 4 3 4 4 0 0 5 2 2 0 6 5 6 1 7 5 2 4 4 
33, 18, 426, 1174, 6, 0, 4 0 5 4 3 4 4 0 0 5 2 2 0 6 5 6 1 7 5 2 4 4 
34, 18, 436, 1164, 10, 0, 4 0 5 4 3 4 4 0 0 5 2 2 0 6 5 6 1 7 5 2 4 4 
35, 18, 447, 1153, 6, 0, 4 0 5 4 3 4 4 0 0 5 2 2 0 6 5 6 1 7 5 2 4 4 
36, 18, 456, 1144, 19, 0, 4 0 5 4 3 4 4 0 0 5 2 2 0 6 5 6 1 7 5 2 4 4 
37, 18, 466, 1134, 13, 0, 4 0 5 4 3 4 4 0 0 5 2 2 0 6 5 6 1 7 5 2 4 4 
38, 18, 477, 1123, 18, 0, 4 0 5 4 3 4 4 0 0 5 2 2 0 6 5 6 1 7 5 2 4 4 
39, 18, 487, 1113, 16, 0, 4 0 5 4 3 4 4 0 0 5 2 2 0 6 5 6 1 7 5 2 4 4 
40, 18, 498, 1102, 16, 0, 4 0 5 4 3 4 4 0 0 5 2 2 0 6 5 6 1 7 5 2 4 4 
41, 18, 507, 1093, 7, 0, 4 0 5 4 3 4 4 0 0 5 2 2 0 6 5 6 1 7 5 2 4 4 
42, 18, 516, 1084, 6, 0, 4 0 5 4 3 4 4 0 0 5 2 2 0 6 5 6 1 7 5 2 4 4 
43, 18, 525, 1075, 33, 0, 4 0 5 4 3 4 4 0 0 5 2 2 0 6 5 6 1 7 5 2 4 4 
44, 18, 536, 1064, 24, 0, 4 0 5 4 3 4 4 0 0 5 2 2 0 6 5 6 1 7 5 2 4 4 
45, 18, 545, 1055, 23, 0, 4 0 5 4 3 4 4 0 0 5 2 2 0 6 5 6 1 7 5 2 4 4 
46, 18, 555, 1045, 17, 0, 4 0 5 4 3 4 4 0 0 5 2 2 0 6 5 6 1 7 5 2 4 4 
47, 19, 565, 1035, 15, 0, 4 0 5 4 3 4 4 0 0 5 2 2 0 6 5 6 1 7 5 2 4 4 
48, 19, 575, 1025, 21, 0, 4 0 5 4 3 4 4 0 0 5 2 2 0 6 5 6 1 7 5 2 4 4 
49, 19, 583, 1017, 25, 0, 4 0 5 4 3 4 4 0 0 5 2 2 0 6 5 6 1 7 5 2 4 4 
50, 19, 591, 1009, 29, 0, 4 0 5 4 3 4 4 0 0 5 2 2 0 6 5 6 1 7 5 2 4 4 
51, 19, 602, 998, 2, 0, 4 0 5 4 3 4 4 0 0 5 2 2 0 6 5 6 1 7 5 2 4 4 
52, 19, 611, 989, 2, 0, 4 0 5 4 3 4 4 0 0 5 2 2 0 6 5 6 1 7 5 2 4 4 
53, 20, 619, 981, 1, 0, 4 0 5 4 3 4 4 0 0 5 2 2 0 6 5 6 1 7 5 2 4 4 
54, 20, 628, 972, 1, 0, 4 0 5 4 3 4 4 0 0 5 2 2 0 6 5 6 1 7 5 2 4 4 
55, 20, 635, 965, 3, 0, 4 0 5 4 3 4 4 0 0 5 2 2 0 6 5 6 1 7 5 2 4 4 
56, 20, 646, 954, 29, 0, 4 0 5 4 3 4 4 0 0 5 2 2 0 6 5 6 1 7 5 2 4 4 
57, 19, 657, 943, 31, 0, 4 0 5 4 3 4 4 0 0 5 2 2 0 6 5 6 1 7 5 2 4 4 
58, 19, 666, 934, 34, 10, 4 0 5 4 3 4 4 0 0 5 2 2 0 6 5 6 1 7 5 2 4 4 
59, 19, 674, 926, 34, 10, 4 0 5 4 3 4 4 0 0 5 2 2 0 6 5 6 1 7 5 2 4 4 
60, 19, 683, 917, 33, 10, 4 0 5 4 3 4 4 0 0 5 2 2 0 6 5 6 1 7 5 2 4 4 
61, 19, 688, 912, 33, 10, 4 0 5 4 3 4 4 0 0 5 2 2 0 6 5 6 1 7 5 2 4 4 
62, 19, 692, 908, 36, 10, 4 0 5 4 3 4 4 0 0 5 2 2 0 6 5 6 1 7 5 2 4 4 
63, 19, 697, 903, 36, 10, 4 0 5 4 3 4 4 0 0 5 2 2 0 6 5 6 1 7 5 2 4 4 
64, 19, 704, 896, 39, 10, 4 0 5 4 3 4 4 0 0 5 2 2 0 6 5 6 1 7 5 2 4 4 
65, 19, 708, 892, 39, 10, 4 0 5 4 3 4 4 0 0 5 2 2 0 6 5 6 1 7 5 2 4 4 
66, 19, 716, 884, 54, 10, 4 0 5 4 3 4 4 0 0 5 2 2 0 6 5 6 1 7 5 2 4 4 
67, 19, 721, 879, 58, 10, 4 0 5 4 3 4 4 0 0 5 2 2 0 6 5 6 1 7 5 2 4 4 
68, 19, 730, 870, 62, 10, 4 0 5 4 3 4 4 0 0 5 2 2 0 6 5 6 1 7 5 2 4 4 
69, 19, 738, 862, 57, 10, 4 0 5 4 3 4 4 0 0 5 2 2 0 6 5 6 1 7 5 2 4 4 
70, 19, 747, 853, 61, 10, 4 0 5 4 3 4 4 0 0 5 2 2 0 6 5 6 1 7 5 2 4 4 
71, 19, 755, 845, 60, 10, 4 0 5 4 3 4 4 0 0 5 2 2 0 6 5 6 1 7 5 2 4 4 
72, 20, 765, 835, 57, 10, 4 0 5 4 3 4 4 0 0 5 2 2 0 6 5 6 1 7 5 2 4 4 
73, 20, 770, 830, 60, 10, 4 0 5 4 3 4 4 0 0 5 2 2 0 6 5 6 1 7 5 2 4 4 
74, 20, 781, 819, 60, 10, 4 0 5 4 3 4 4 0 0 5 2 2 0 6 5 6 1 7 5 2 4 4 
75, 20, 788, 812, 56, 10, 4 0 5 4 3 4 4 0 0 5 2 2 0 6 5 6 1 7 5 2 4 4 
76, 20, 796, 804, 59, 10, 4 0 5 4 3 4 4 0 0 5 2 2 0 6 5 6 1 7 5 2 4 4 
77, 20, 803, 797, 62, 10, 4 0 5 4 3 4 4 0 0 5 2 2 0 6 5 6 1 7 5 2 4 4 
78, 20, 808, 792, 23, 10, 4 0 5 4 3 4 4 0 0 5 2 2 0 6 5 6 1 7 5 2 4 4 
79, 20, 815, 785, 23, 10, 4 0 5 4 3 4 4 0 0 5 2 2 0 6 5 6 1 7 5 2 4 4 
80, 21, 823, 777, 21, 10, 4 0 5 4 3 4 4 0 0 5 2 2 0 6 5 6 1 7 5 2 4 4 
81, 21, 830, 770, 0, 10, 4 0 5 4 3 4 4 0 0 5 2 2 0 6 5 6 1 7 5 2 4 4 
82, 20, 836, 764, 64, 10, 4 0 5 4 3 4 4 0 0 5 2 2 0 6 5 6 1 7 5 2 4 4 
83, 20, 844, 756, 64, 10, 4 0 5 4 3 4 4 0 0 5 2 2 0 6 5 6 1 7 5 2 4 4 
84, 20, 852, 748, 75, 10, 4 0 5 4 3 4 4 0 0 5 2 2 0 6 5 6 1 7 5 2 4 4 
85, 20, 856, 744, 74, 10, 4 0 5 4 3 4 4 0 0 5 2 2 0 6 5 6 1 7 5 2 4 4 
86, 20, 861, 739, 35, 10, 4 0 5 4 3 4 4 0 0 5 2 2 0 6 5 6 1 7 5 2 4 4 
87, 20, 868, 732, 51, 10, 4 0 5 4 3 4 4 0 0 5 2 2 0 6 5 6 1 7 5 2 4 4 
88, 20, 874, 726, 55, 10, 4 0 5 4 3 4 4 0 0 5 2 2 0 6 5 6 1 7 5 2 4 4 
89, 20, 881, 719, 4, 10, 4 0 5 4 3 4 4 0 0 5 2 2 0 6 5 6 1 7 5 2 4 4 
90, 20, 884, 716, 3, 10, 4 0 5 4 3 4 4 0 0 5 2 2 0 6 5 6 1 7 5 2 4 4 
91, 20, 890, 710, 53, 10, 4 0 5 4 3 4 4 0 0 5 2 2 0 6 5 6 1 7 5 2 4 4 
92, 21, 894, 706, 54, 10, 4 0 5 4 3 4 4 0 0 5 2 2 0 6 5 6 1 7 5 2 4 4 
93, 21, 901, 699, 13, 10, 4 0 5 4 3 4 4 0 0 5 2 2 0 6 5 6 1 7 5 2 4 4 
94, 21, 906, 694, 75, 10, 4 0 5 4 3 4 4 0 0 5 2 2 0 6 5 6 1 7 5 2 4 4 
95, 21, 912, 688, 68, 10, 4 0 5 4 3 4 4 0 0 5 2 2 0 6 5 6 1 7 5 2 4 4 
96, 21, 916, 684, 92, 10, 4 0 5 4 3 4 4 0 0 5 2 2 0 6 5 6 1 7 5 2 4 4 
97, 21, 925, 675, 67, 10, 4 0 5 4 3 4 4 0 0 5 2 2 0 6 5 6 1 7 5 2 4 4 
98, 21, 929, 671, 67, 10, 4 0 5 4 3 4 4 0 0 5 2 2 0 6 5 6 1 7 5 2 4 4 
99, 21, 933, 667, 91, 10, 4 0 5 4 3 4 4 0 0 5 2 2 0 6 5 6 1 7 5 2 4 4 
100, 21, 935, 665, 79, 10, 4 0 5 4 3 4 4 0 0 5 2 2 0 6 5 6 1 7 5 2 4 4 
101, 21, 940, 660, 97, 10, 4 0 5 4 3 4 4 0 0 5 2 2 0 6 5 6 1 7 5 2 4 4 
102, 21, 941, 659, 82, 10, 4 0 5 4 3 4 4 0 0 5 2 2 0 6 5 6 1 7 5 2 4 4 
103, 22, 949, 651, 78, 10, 4 0 5 4 3 4 4 0 0 5 2 2 0 6 5 6 1 7 5 2 4 4 
104, 22, 958, 642, 82, 10, 4 0 5 4 3 4 4 0 0 5 2 2 0 6 5 6 1 7 5 2 4 4 
105, 22, 963, 637, 96, 10, 4 0 5 4 3 4 4 0 0 5 2 2 0 6 5 6 1 7 5 2 4 4 
106, 22, 971, 629, 52, 10, 4 0 5 4 3 4 4 0 0 5 2 2 0 6 5 6 1 7 5 2 4 4 
107, 23, 973, 627, 80, 10, 4 0 5 4 3 4 4 0 0 5 2 2 0 6 5 6 1 7 5 2 4 4 
108, 24, 978, 622, 134, 10, 4 0 5 4 3 4 4 0 0 5 2 2 0 6 5 6 1 7 5 2 4 4 
109, 24, 983, 617, 62, 10, 4 0 5 4 3 4 4 0 0 5 2 2 0 6 5 6 1 7 5 2 4 4 
110, 24, 986, 614, 58, 10, 4 0 5 4 3 4 4 0 0 5 2 2 0 6 5 6 1 7 5 2 4 4 
111, 25, 989, 611, 129, 10, 4 0 5 4 3 4 4 0 0 5 2 2 0 6 5 6 1 7 5 2 4 4 
112, 26, 992, 608, 71, 10, 4 0 5 4 3 4 4 0 0 5 2 2 0 6 5 6 1 7 5 2 4 4 
113, 28, 1001, 599, 131, 10, 4 0 5 4 3 4 4 0 0 5 2 2 0 6 5 6 1 7 5 2 4 4 
114, 29, 1003, 597, 2, 10, 4 0 5 4 3 4 4 0 0 5 2 2 0 6 5 6 1 7 5 2 4 4 
