day, numberOfAnimals, numberOfGrass, numberOfEmptyTiles, averageEnergyLevel, averageLifeLength, strongestGenes, 
2, 15, 42, 1558, 20, 0, 1 6 6 3 5 5 0 7 3 0 6 3 3 3 0 6 6 3 3 7 4 7 
3, 15, 57, 1543, 19, 0, 1 6 6 3 5 5 0 7 3 0 6 3 3 3 0 6 6 3 3 7 4 7 
4, 15, 72, 1528, 18, 0, 1 6 6 3 5 5 0 7 3 0 6 3 3 3 0 6 6 3 3 7 4 7 
5, 15, 87, 1513, 18, 0, 1 6 6 3 5 5 0 7 3 0 6 3 3 3 0 6 6 3 3 7 4 7 
6, 15, 102, 1498, 17, 0, 1 6 6 3 5 5 0 7 3 0 6 3 3 3 0 6 6 3 3 7 4 7 
7, 15, 116, 1484, 16, 0, 1 6 6 3 5 5 0 7 3 0 6 3 3 3 0 6 6 3 3 7 4 7 
8, 15, 131, 1469, 16, 0, 1 6 6 3 5 5 0 7 3 0 6 3 3 3 0 6 6 3 3 7 4 7 
9, 15, 145, 1455, 15, 0, 1 6 6 3 5 5 0 7 3 0 6 3 3 3 0 6 6 3 3 7 4 7 
10, 15, 159, 1441, 14, 0, 1 6 6 3 5 5 0 7 3 0 6 3 3 3 0 6 6 3 3 7 4 7 
11, 15, 172, 1428, 14, 0, 1 6 6 3 5 5 0 7 3 0 6 3 3 3 0 6 6 3 3 7 4 7 
12, 15, 185, 1415, 13, 0, 1 6 6 3 5 5 0 7 3 0 6 3 3 3 0 6 6 3 3 7 4 7 
13, 15, 198, 1402, 12, 0, 1 6 6 3 5 5 0 7 3 0 6 3 3 3 0 6 6 3 3 7 4 7 
14, 15, 212, 1388, 12, 0, 1 6 6 3 5 5 0 7 3 0 6 3 3 3 0 6 6 3 3 7 4 7 
15, 15, 227, 1373, 11, 0, 1 6 6 3 5 5 0 7 3 0 6 3 3 3 0 6 6 3 3 7 4 7 
16, 15, 239, 1361, 10, 0, 1 6 6 3 5 5 0 7 3 0 6 3 3 3 0 6 6 3 3 7 4 7 
17, 15, 250, 1350, 26, 0, 1 6 6 3 5 5 0 7 3 0 6 3 3 3 0 6 6 3 3 7 4 7 
18, 15, 263, 1337, 30, 0, 1 6 6 3 5 5 0 7 3 0 6 3 3 3 0 6 6 3 3 7 4 7 
19, 16, 277, 1323, 8, 0, 1 6 6 3 5 5 0 7 3 0 6 3 3 3 0 6 6 3 3 7 4 7 
20, 16, 286, 1314, 12, 0, 1 6 6 3 5 5 0 7 3 0 6 3 3 3 0 6 6 3 3 7 4 7 
21, 16, 300, 1300, 11, 0, 1 6 6 3 5 5 0 7 3 0 6 3 3 3 0 6 6 3 3 7 4 7 
22, 16, 313, 1287, 11, 0, 1 6 6 3 5 5 0 7 3 0 6 3 3 3 0 6 6 3 3 7 4 7 
23, 16, 323, 1277, 10, 0, 1 6 6 3 5 5 0 7 3 0 6 3 3 3 0 6 6 3 3 7 4 7 
24, 16, 335, 1265, 15, 0, 1 6 6 3 5 5 0 7 3 0 6 3 3 3 0 6 6 3 3 7 4 7 
25, 16, 346, 1254, 9, 0, 1 6 6 3 5 5 0 7 3 0 6 3 3 3 0 6 6 3 3 7 4 7 
26, 16, 357, 1243, 13, 0, 1 6 6 3 5 5 0 7 3 0 6 3 3 3 0 6 6 3 3 7 4 7 
27, 17, 368, 1232, 7, 0, 1 6 6 3 5 5 0 7 3 0 6 3 3 3 0 6 6 3 3 7 4 7 
28, 17, 380, 1220, 16, 0, 1 6 6 3 5 5 0 7 3 0 6 3 3 3 0 6 6 3 3 7 4 7 
29, 16, 390, 1210, 16, 0, 1 6 6 3 5 5 0 7 3 0 6 3 3 3 0 6 6 3 3 7 4 7 
30, 16, 400, 1200, 6, 10, 1 6 6 3 5 5 0 7 3 0 6 3 3 3 0 6 6 3 3 7 4 7 
31, 16, 410, 1190, 20, 10, 1 6 6 3 5 5 0 7 3 0 6 3 3 3 0 6 6 3 3 7 4 7 
32, 16, 420, 1180, 10, 10, 1 6 6 3 5 5 0 7 3 0 6 3 3 3 0 6 6 3 3 7 4 7 
33, 16, 430, 1170, 24, 10, 1 6 6 3 5 5 0 7 3 0 6 3 3 3 0 6 6 3 3 7 4 7 
34, 16, 442, 1158, 23, 10, 1 6 6 3 5 5 0 7 3 0 6 3 3 3 0 6 6 3 3 7 4 7 
35, 16, 450, 1150, 28, 10, 1 6 6 3 5 5 0 7 3 0 6 3 3 3 0 6 6 3 3 7 4 7 
36, 16, 458, 1142, 27, 10, 1 6 6 3 5 5 0 7 3 0 6 3 3 3 0 6 6 3 3 7 4 7 
37, 16, 469, 1131, 21, 10, 1 6 6 3 5 5 0 7 3 0 6 3 3 3 0 6 6 3 3 7 4 7 
38, 16, 481, 1119, 16, 10, 1 6 6 3 5 5 0 7 3 0 6 3 3 3 0 6 6 3 3 7 4 7 
39, 16, 491, 1109, 15, 10, 1 6 6 3 5 5 0 7 3 0 6 3 3 3 0 6 6 3 3 7 4 7 
40, 16, 504, 1096, 25, 10, 1 6 6 3 5 5 0 7 3 0 6 3 3 3 0 6 6 3 3 7 4 7 
41, 16, 515, 1085, 24, 10, 1 6 6 3 5 5 0 7 3 0 6 3 3 3 0 6 6 3 3 7 4 7 
42, 16, 526, 1074, 28, 10, 1 6 6 3 5 5 0 7 3 0 6 3 3 3 0 6 6 3 3 7 4 7 
43, 16, 538, 1062, 23, 10, 1 6 6 3 5 5 0 7 3 0 6 3 3 3 0 6 6 3 3 7 4 7 
44, 17, 547, 1053, 25, 10, 1 6 6 3 5 5 0 7 3 0 6 3 3 3 0 6 6 3 3 7 4 7 
45, 17, 558, 1042, 30, 10, 1 6 6 3 5 5 0 7 3 0 6 3 3 3 0 6 6 3 3 7 4 7 
46, 18, 568, 1032, 32, 10, 1 6 6 3 5 5 0 7 3 0 6 3 3 3 0 6 6 3 3 7 4 7 
47, 18, 575, 1025, 27, 10, 1 6 6 3 5 5 0 7 3 0 6 3 3 3 0 6 6 3 3 7 4 7 
48, 18, 584, 1016, 2, 10, 1 6 6 3 5 5 0 7 3 0 6 3 3 3 0 6 6 3 3 7 4 7 
49, 18, 588, 1012, 15, 10, 1 6 6 3 5 5 0 7 3 0 6 3 3 3 0 6 6 3 3 7 4 7 
50, 18, 595, 1005, 19, 10, 1 6 6 3 5 5 0 7 3 0 6 3 3 3 0 6 6 3 3 7 4 7 
51, 18, 602, 998, 18, 10, 1 6 6 3 5 5 0 7 3 0 6 3 3 3 0 6 6 3 3 7 4 7 
52, 18, 611, 989, 33, 10, 1 6 6 3 5 5 0 7 3 0 6 3 3 3 0 6 6 3 3 7 4 7 
53, 19, 622, 978, 20, 10, 1 6 6 3 5 5 0 7 3 0 6 3 3 3 0 6 6 3 3 7 4 7 
54, 19, 630, 970, 30, 10, 1 6 6 3 5 5 0 7 3 0 6 3 3 3 0 6 6 3 3 7 4 7 
55, 19, 641, 959, 38, 10, 1 6 6 3 5 5 0 7 3 0 6 3 3 3 0 6 6 3 3 7 4 7 
56, 19, 648, 952, 33, 10, 1 6 6 3 5 5 0 7 3 0 6 3 3 3 0 6 6 3 3 7 4 7 
57, 19, 657, 943, 33, 10, 1 6 6 3 5 5 0 7 3 0 6 3 3 3 0 6 6 3 3 7 4 7 
58, 19, 668, 932, 36, 10, 1 6 6 3 5 5 0 7 3 0 6 3 3 3 0 6 6 3 3 7 4 7 
59, 19, 677, 923, 40, 10, 1 6 6 3 5 5 0 7 3 0 6 3 3 3 0 6 6 3 3 7 4 7 
60, 19, 683, 917, 44, 10, 1 6 6 3 5 5 0 7 3 0 6 3 3 3 0 6 6 3 3 7 4 7 
61, 19, 690, 910, 47, 10, 1 6 6 3 5 5 0 7 3 0 6 3 3 3 0 6 6 3 3 7 4 7 
62, 18, 696, 904, 45, 10, 1 6 6 3 5 5 0 7 3 0 6 3 3 3 0 6 6 3 3 7 4 7 
63, 18, 705, 895, 45, 14, 1 6 6 3 5 5 0 7 3 0 6 3 3 3 0 6 6 3 3 7 4 7 
64, 18, 712, 888, 53, 14, 1 6 6 3 5 5 0 7 3 0 6 3 3 3 0 6 6 3 3 7 4 7 
65, 18, 722, 878, 52, 14, 1 6 6 3 5 5 0 7 3 0 6 3 3 3 0 6 6 3 3 7 4 7 
66, 18, 733, 867, 42, 14, 1 6 6 3 5 5 0 7 3 0 6 3 3 3 0 6 6 3 3 7 4 7 
67, 18, 741, 859, 56, 14, 1 6 6 3 5 5 0 7 3 0 6 3 3 3 0 6 6 3 3 7 4 7 
68, 19, 753, 847, 40, 14, 1 6 6 3 5 5 0 7 3 0 6 3 3 3 0 6 6 3 3 7 4 7 
69, 19, 761, 839, 21, 14, 1 6 6 3 5 5 0 7 3 0 6 3 3 3 0 6 6 3 3 7 4 7 
70, 19, 770, 830, 55, 14, 1 6 6 3 5 5 0 7 3 0 6 3 3 3 0 6 6 3 3 7 4 7 
71, 19, 777, 823, 15, 14, 1 6 6 3 5 5 0 7 3 0 6 3 3 3 0 6 6 3 3 7 4 7 
72, 19, 784, 816, 54, 14, 1 6 6 3 5 5 0 7 3 0 6 3 3 3 0 6 6 3 3 7 4 7 
73, 19, 791, 809, 50, 14, 1 6 6 3 5 5 0 7 3 0 6 3 3 3 0 6 6 3 3 7 4 7 
74, 19, 797, 803, 18, 14, 1 6 6 3 5 5 0 7 3 0 6 3 3 3 0 6 6 3 3 7 4 7 
75, 19, 807, 793, 61, 14, 1 6 6 3 5 5 0 7 3 0 6 3 3 3 0 6 6 3 3 7 4 7 
76, 19, 812, 788, 56, 14, 1 6 6 3 5 5 0 7 3 0 6 3 3 3 0 6 6 3 3 7 4 7 
77, 19, 820, 780, 56, 14, 1 6 6 3 5 5 0 7 3 0 6 3 3 3 0 6 6 3 3 7 4 7 
78, 19, 828, 772, 64, 14, 1 6 6 3 5 5 0 7 3 0 6 3 3 3 0 6 6 3 3 7 4 7 
79, 21, 839, 761, 57, 14, 1 6 6 3 5 5 0 7 3 0 6 3 3 3 0 6 6 3 3 7 4 7 
80, 22, 848, 752, 50, 14, 1 6 6 3 5 5 0 7 3 0 6 3 3 3 0 6 6 3 3 7 4 7 
81, 22, 850, 750, 57, 14, 1 6 6 3 5 5 0 7 3 0 6 3 3 3 0 6 6 3 3 7 4 7 
82, 22, 855, 745, 2, 14, 1 6 6 3 5 5 0 7 3 0 6 3 3 3 0 6 6 3 3 7 4 7 
83, 24, 861, 739, 42, 14, 1 6 6 3 5 5 0 7 3 0 6 3 3 3 0 6 6 3 3 7 4 7 
84, 25, 864, 736, 43, 14, 1 6 6 3 5 5 0 7 3 0 6 3 3 3 0 6 6 3 3 7 4 7 
85, 27, 870, 730, 42, 14, 1 6 6 3 5 5 0 7 3 0 6 3 3 3 0 6 6 3 3 7 4 7 
86, 27, 878, 722, 42, 14, 1 6 6 3 5 5 0 7 3 0 6 3 3 3 0 6 6 3 3 7 4 7 
87, 27, 881, 719, 41, 14, 1 6 6 3 5 5 0 7 3 0 6 3 3 3 0 6 6 3 3 7 4 7 
88, 28, 891, 709, 37, 14, 1 6 6 3 5 5 0 7 3 0 6 3 3 3 0 6 6 3 3 7 4 7 
89, 28, 898, 702, 53, 14, 1 6 6 3 5 5 0 7 3 0 6 3 3 3 0 6 6 3 3 7 4 7 
90, 28, 902, 698, 53, 14, 1 6 6 3 5 5 0 7 3 0 6 3 3 3 0 6 6 3 3 7 4 7 
91, 28, 905, 695, 41, 14, 1 6 6 3 5 5 0 7 3 0 6 3 3 3 0 6 6 3 3 7 4 7 
92, 29, 908, 692, 43, 14, 1 6 6 3 5 5 0 7 3 0 6 3 3 3 0 6 6 3 3 7 4 7 
93, 30, 914, 686, 41, 14, 1 6 6 3 5 5 0 7 3 0 6 3 3 3 0 6 6 3 3 7 4 7 
94, 30, 914, 686, 2, 14, 1 6 6 3 5 5 0 7 3 0 6 3 3 3 0 6 6 3 3 7 4 7 
95, 30, 916, 684, 59, 14, 1 6 6 3 5 5 0 7 3 0 6 3 3 3 0 6 6 3 3 7 4 7 
96, 31, 920, 680, 1, 14, 1 6 6 3 5 5 0 7 3 0 6 3 3 3 0 6 6 3 3 7 4 7 
97, 32, 922, 678, 44, 14, 1 6 6 3 5 5 0 7 3 0 6 3 3 3 0 6 6 3 3 7 4 7 
98, 33, 923, 677, 38, 14, 1 6 6 3 5 5 0 7 3 0 6 3 3 3 0 6 6 3 3 7 4 7 
99, 34, 927, 673, 53, 14, 1 6 6 3 5 5 0 7 3 0 6 3 3 3 0 6 6 3 3 7 4 7 
100, 34, 924, 676, 36, 14, 1 6 6 3 5 5 0 7 3 0 6 3 3 3 0 6 6 3 3 7 4 7 
101, 35, 926, 674, 46, 14, 1 6 6 3 5 5 0 7 3 0 6 3 3 3 0 6 6 3 3 7 4 7 
102, 36, 929, 671, 6, 14, 1 6 6 3 5 5 0 7 3 0 6 3 3 3 0 6 6 3 3 7 4 7 
103, 38, 928, 672, 9, 14, 1 6 6 3 5 5 0 7 3 0 6 3 3 3 0 6 6 3 3 7 4 7 
104, 38, 926, 674, 18, 14, 1 6 6 3 5 5 0 7 3 0 6 3 3 3 0 6 6 3 3 7 4 7 
105, 40, 928, 672, 34, 14, 1 6 6 3 5 5 0 7 3 0 6 3 3 3 0 6 6 3 3 7 4 7 
106, 40, 928, 672, 25, 14, 1 6 6 3 5 5 0 7 3 0 6 3 3 3 0 6 6 3 3 7 4 7 
107, 41, 930, 670, 33, 14, 1 6 6 3 5 5 0 7 3 0 6 3 3 3 0 6 6 3 3 7 4 7 
108, 44, 926, 674, 23, 14, 1 6 6 3 5 5 0 7 3 0 6 3 3 3 0 6 6 3 3 7 4 7 
109, 45, 932, 668, 30, 14, 1 6 6 3 5 5 0 7 3 0 6 3 3 3 0 6 6 3 3 7 4 7 
110, 45, 933, 667, 37, 14, 1 6 6 3 5 5 0 7 3 0 6 3 3 3 0 6 6 3 3 7 4 7 
111, 46, 932, 668, 30, 14, 1 6 6 3 5 5 0 7 3 0 6 3 3 3 0 6 6 3 3 7 4 7 
112, 49, 932, 668, 2, 12, 1 6 6 3 5 5 0 7 3 0 6 3 3 3 0 6 6 3 3 7 4 7 
113, 52, 931, 669, 1, 12, 1 6 6 3 5 5 0 7 3 0 6 3 3 3 0 6 6 3 3 7 4 7 
114, 55, 927, 673, 4, 12, 1 6 6 3 5 5 0 7 3 0 6 3 3 3 0 6 6 3 3 7 4 7 
115, 58, 930, 670, 17, 12, 1 6 6 3 5 5 0 7 3 0 6 3 3 3 0 6 6 3 3 7 4 7 
116, 61, 926, 674, 4, 12, 1 6 6 3 5 5 0 7 3 0 6 3 3 3 0 6 6 3 3 7 4 7 
117, 62, 925, 675, 19, 12, 1 6 6 3 5 5 0 7 3 0 6 3 3 3 0 6 6 3 3 7 4 7 
118, 64, 925, 675, 15, 12, 1 6 6 3 5 5 0 7 3 0 6 3 3 3 0 6 6 3 3 7 4 7 
119, 67, 920, 680, 2, 12, 1 6 6 3 5 5 0 7 3 0 6 3 3 3 0 6 6 3 3 7 4 7 
120, 71, 915, 685, 22, 12, 1 6 6 3 5 5 0 7 3 0 6 3 3 3 0 6 6 3 3 7 4 7 
121, 75, 908, 692, 9, 12, 1 6 6 3 5 5 0 7 3 0 6 3 3 3 0 6 6 3 3 7 4 7 
122, 76, 904, 696, 9, 12, 1 6 6 3 5 5 0 7 3 0 6 3 3 3 0 6 6 3 3 7 4 7 
123, 78, 897, 703, 4, 12, 1 6 6 3 5 5 0 7 3 0 6 3 3 3 0 6 6 3 3 7 4 7 
124, 82, 894, 706, 22, 11, 1 6 6 3 5 5 0 7 3 0 6 3 3 3 0 6 6 3 3 7 4 7 
125, 88, 895, 705, 27, 11, 1 6 6 3 5 5 0 7 3 0 6 3 3 3 0 6 6 3 3 7 4 7 
126, 93, 884, 716, 10, 11, 1 6 6 3 5 5 0 7 3 0 6 3 3 3 0 6 6 3 3 7 4 7 
127, 98, 878, 722, 3, 11, 1 6 6 3 5 5 0 7 3 0 6 3 3 3 0 6 6 3 3 7 4 7 
128, 101, 878, 722, 6, 11, 1 6 6 3 5 5 0 7 3 0 6 3 3 3 0 6 6 3 3 7 4 7 
129, 107, 871, 729, 12, 10, 1 6 6 3 5 5 0 7 3 0 6 3 3 3 0 6 6 3 3 7 4 7 
130, 106, 870, 730, 2, 10, 1 6 6 3 5 5 0 7 3 0 6 3 3 3 0 6 6 3 3 7 4 7 
131, 109, 869, 731, 1, 12, 1 6 6 3 5 5 0 7 3 0 6 3 3 3 0 6 6 3 3 7 4 7 
132, 113, 861, 739, 1, 12, 1 6 6 3 5 5 0 7 3 0 6 3 3 3 0 6 6 3 3 7 4 7 
133, 115, 858, 742, 10, 12, 1 6 6 3 5 5 0 7 3 0 6 3 3 3 0 6 6 3 3 7 4 7 
134, 118, 857, 743, 10, 11, 1 6 6 3 5 5 0 7 3 0 6 3 3 3 0 6 6 3 3 7 4 7 
135, 118, 853, 747, 24, 12, 1 6 6 3 5 5 0 7 3 0 6 3 3 3 0 6 6 3 3 7 4 7 
136, 117, 849, 751, 10, 14, 1 6 6 3 5 5 0 7 3 0 6 3 3 3 0 6 6 3 3 7 4 7 
137, 119, 846, 754, 16, 14, 1 6 6 3 5 5 0 7 3 0 6 3 3 3 0 6 6 3 3 7 4 7 
138, 123, 845, 755, 16, 13, 1 6 6 3 5 5 0 7 3 0 6 3 3 3 0 6 6 3 3 7 4 7 
139, 122, 842, 758, 1, 14, 1 6 6 3 5 5 0 7 3 0 6 3 3 3 0 6 6 3 3 7 4 7 
140, 124, 841, 759, 17, 13, 1 6 6 3 5 5 0 7 3 0 6 3 3 3 0 6 6 3 3 7 4 7 
141, 126, 837, 763, 2, 13, 1 6 6 3 5 5 0 7 3 0 6 3 3 3 0 6 6 3 3 7 4 7 
142, 125, 839, 761, 11, 13, 1 6 6 3 5 5 0 7 3 0 6 3 3 3 0 6 6 3 3 7 4 7 
143, 125, 841, 759, 15, 14, 1 6 6 3 5 5 0 7 3 0 6 3 3 3 0 6 6 3 3 7 4 7 
144, 128, 835, 765, 15, 14, 1 6 6 3 5 5 0 7 3 0 6 3 3 3 0 6 6 3 3 7 4 7 
145, 129, 823, 777, 3, 14, 1 6 6 3 5 5 0 7 3 0 6 3 3 3 0 6 6 3 3 7 4 7 
146, 128, 816, 784, 3, 14, 1 6 6 3 5 5 0 7 3 0 6 3 3 3 0 6 6 3 3 7 4 7 
147, 125, 810, 790, 10, 14, 1 6 6 3 5 5 0 7 3 0 6 3 3 3 0 6 6 3 3 7 4 7 
148, 123, 798, 802, 3, 15, 1 6 6 3 5 5 0 7 3 0 6 3 3 3 0 6 6 3 3 7 4 7 
149, 125, 793, 807, 11, 15, 1 6 6 3 5 5 0 7 3 0 6 3 3 3 0 6 6 3 3 7 4 7 
150, 125, 785, 815, 1, 15, 1 6 6 3 5 5 0 7 3 0 6 3 3 3 0 6 6 3 3 7 4 7 
151, 125, 780, 820, 19, 14, 1 6 6 3 5 5 0 7 3 0 6 3 3 3 0 6 6 3 3 7 4 7 
152, 127, 771, 829, 7, 14, 1 6 6 3 5 5 0 7 3 0 6 3 3 3 0 6 6 3 3 7 4 7 
153, 127, 766, 834, 0, 14, 1 6 6 3 5 5 0 7 3 0 6 3 3 3 0 6 6 3 3 7 4 7 
154, 124, 761, 839, 3, 14, 1 6 6 3 5 5 0 7 3 0 6 3 3 3 0 6 6 3 3 7 4 7 
155, 122, 758, 842, 3, 14, 1 6 6 3 5 5 0 7 3 0 6 3 3 3 0 6 6 3 3 7 4 7 
156, 120, 749, 851, 21, 15, 1 6 6 3 5 5 0 7 3 0 6 3 3 3 0 6 6 3 3 7 4 7 
157, 119, 737, 863, 21, 15, 1 6 6 3 5 5 0 7 3 0 6 3 3 3 0 6 6 3 3 7 4 7 
158, 118, 731, 869, 0, 15, 1 6 6 3 5 5 0 7 3 0 6 3 3 3 0 6 6 3 3 7 4 7 
159, 122, 720, 880, 4, 16, 1 6 6 3 5 5 0 7 3 0 6 3 3 3 0 6 6 3 3 7 4 7 
160, 128, 717, 883, 2, 16, 1 6 6 3 5 5 0 7 3 0 6 3 3 3 0 6 6 3 3 7 4 7 
161, 126, 710, 890, 0, 16, 1 6 6 3 5 5 0 7 3 0 6 3 3 3 0 6 6 3 3 7 4 7 
162, 129, 706, 894, 6, 16, 1 6 6 3 5 5 0 7 3 0 6 3 3 3 0 6 6 3 3 7 4 7 
163, 130, 707, 893, 0, 16, 1 6 6 3 5 5 0 7 3 0 6 3 3 3 0 6 6 3 3 7 4 7 
164, 133, 706, 894, 2, 16, 1 6 6 3 5 5 0 7 3 0 6 3 3 3 0 6 6 3 3 7 4 7 
165, 136, 701, 899, 3, 16, 1 6 6 3 5 5 0 7 3 0 6 3 3 3 0 6 6 3 3 7 4 7 
166, 131, 694, 906, 4, 16, 1 6 6 3 5 5 0 7 3 0 6 3 3 3 0 6 6 3 3 7 4 7 
167, 133, 687, 913, 2, 17, 1 6 6 3 5 5 0 7 3 0 6 3 3 3 0 6 6 3 3 7 4 7 
168, 135, 682, 918, 4, 17, 1 6 6 3 5 5 0 7 3 0 6 3 3 3 0 6 6 3 3 7 4 7 
169, 133, 677, 923, 2, 18, 1 6 6 3 5 5 0 7 3 0 6 3 3 3 0 6 6 3 3 7 4 7 
170, 129, 671, 929, 1, 18, 1 6 6 3 5 5 0 7 3 0 6 3 3 3 0 6 6 3 3 7 4 7 
171, 130, 669, 931, 1, 18, 1 6 6 3 5 5 0 7 3 0 6 3 3 3 0 6 6 3 3 7 4 7 
172, 133, 668, 932, 2, 18, 1 6 6 3 5 5 0 7 3 0 6 3 3 3 0 6 6 3 3 7 4 7 
173, 135, 660, 940, 13, 18, 1 6 6 3 5 5 0 7 3 0 6 3 3 3 0 6 6 3 3 7 4 7 
174, 133, 657, 943, 2, 18, 1 6 6 3 5 5 0 7 3 0 6 3 3 3 0 6 6 3 3 7 4 7 
175, 134, 656, 944, 1, 18, 1 6 6 3 5 5 0 7 3 0 6 3 3 3 0 6 6 3 3 7 4 7 
176, 137, 646, 954, 3, 18, 1 6 6 3 5 5 0 7 3 0 6 3 3 3 0 6 6 3 3 7 4 7 
177, 132, 640, 960, 0, 18, 1 6 6 3 5 5 0 7 3 0 6 3 3 3 0 6 6 3 3 7 4 7 
178, 131, 636, 964, 4, 18, 1 6 6 3 5 5 0 7 3 0 6 3 3 3 0 6 6 3 3 7 4 7 
179, 131, 628, 972, 0, 18, 1 6 6 3 5 5 0 7 3 0 6 3 3 3 0 6 6 3 3 7 4 7 
180, 136, 619, 981, 5, 18, 1 6 6 3 5 5 0 7 3 0 6 3 3 3 0 6 6 3 3 7 4 7 
181, 138, 614, 986, 3, 18, 1 6 6 3 5 5 0 7 3 0 6 3 3 3 0 6 6 3 3 7 4 7 
182, 137, 599, 1001, 0, 18, 1 6 6 3 5 5 0 7 3 0 6 3 3 3 0 6 6 3 3 7 4 7 
183, 141, 590, 1010, 20, 19, 1 6 6 3 5 5 0 7 3 0 6 3 3 3 0 6 6 3 3 7 4 7 
184, 142, 587, 1013, 0, 19, 1 6 6 3 5 5 0 7 3 0 6 3 3 3 0 6 6 3 3 7 4 7 
185, 143, 580, 1020, 20, 19, 1 6 6 3 5 5 0 7 3 0 6 3 3 3 0 6 6 3 3 7 4 7 
186, 143, 573, 1027, 0, 18, 1 6 6 3 5 5 0 7 3 0 6 3 3 3 0 6 6 3 3 7 4 7 
187, 145, 567, 1033, 20, 19, 1 6 6 3 5 5 0 7 3 0 6 3 3 3 0 6 6 3 3 7 4 7 
188, 145, 565, 1035, 0, 19, 1 6 6 3 5 5 0 7 3 0 6 3 3 3 0 6 6 3 3 7 4 7 
189, 145, 559, 1041, 13, 19, 1 6 6 3 5 5 0 7 3 0 6 3 3 3 0 6 6 3 3 7 4 7 
191, 140, 547, 1053, 13, 19, 1 6 6 3 5 5 0 7 3 0 6 3 3 3 0 6 6 3 3 7 4 7 
191, 140, 547, 1053, 13, 19, 1 6 6 3 5 5 0 7 3 0 6 3 3 3 0 6 6 3 3 7 4 7 
193, 138, 529, 1071, 19, 19, 1 6 6 3 5 5 0 7 3 0 6 3 3 3 0 6 6 3 3 7 4 7 
193, 138, 529, 1071, 19, 19, 1 6 6 3 5 5 0 7 3 0 6 3 3 3 0 6 6 3 3 7 4 7 
194, 133, 524, 1076, 3, 19, 1 6 6 3 5 5 0 7 3 0 6 3 3 3 0 6 6 3 3 7 4 7 
196, 133, 517, 1083, 3, 19, 1 6 6 3 5 5 0 7 3 0 6 3 3 3 0 6 6 3 3 7 4 7 
196, 133, 517, 1083, 3, 19, 1 6 6 3 5 5 0 7 3 0 6 3 3 3 0 6 6 3 3 7 4 7 
197, 133, 516, 1084, 0, 19, 1 6 6 3 5 5 0 7 3 0 6 3 3 3 0 6 6 3 3 7 4 7 
198, 137, 518, 1082, 0, 20, 1 6 6 3 5 5 0 7 3 0 6 3 3 3 0 6 6 3 3 7 4 7 
199, 137, 514, 1086, 0, 20, 1 6 6 3 5 5 0 7 3 0 6 3 3 3 0 6 6 3 3 7 4 7 
200, 141, 512, 1088, 20, 20, 1 6 6 3 5 5 0 7 3 0 6 3 3 3 0 6 6 3 3 7 4 7 
201, 138, 506, 1094, 0, 20, 1 6 6 3 5 5 0 7 3 0 6 3 3 3 0 6 6 3 3 7 4 7 
202, 141, 505, 1095, 19, 20, 1 6 6 3 5 5 0 7 3 0 6 3 3 3 0 6 6 3 3 7 4 7 
203, 144, 499, 1101, 2, 20, 1 6 6 3 5 5 0 7 3 0 6 3 3 3 0 6 6 3 3 7 4 7 
204, 147, 498, 1102, 0, 20, 1 6 6 3 5 5 0 7 3 0 6 3 3 3 0 6 6 3 3 7 4 7 
205, 149, 486, 1114, 2, 20, 1 6 6 3 5 5 0 7 3 0 6 3 3 3 0 6 6 3 3 7 4 7 
206, 148, 476, 1124, 2, 20, 1 6 6 3 5 5 0 7 3 0 6 3 3 3 0 6 6 3 3 7 4 7 
208, 150, 474, 1126, 0, 20, 1 6 6 3 5 5 0 7 3 0 6 3 3 3 0 6 6 3 3 7 4 7 
209, 150, 470, 1130, 3, 21, 1 6 6 3 5 5 0 7 3 0 6 3 3 3 0 6 6 3 3 7 4 7 
209, 150, 470, 1130, 3, 21, 1 6 6 3 5 5 0 7 3 0 6 3 3 3 0 6 6 3 3 7 4 7 
211, 147, 460, 1140, 0, 20, 1 6 6 3 5 5 0 7 3 0 6 3 3 3 0 6 6 3 3 7 4 7 
211, 147, 460, 1140, 0, 20, 1 6 6 3 5 5 0 7 3 0 6 3 3 3 0 6 6 3 3 7 4 7 
212, 150, 461, 1139, 1, 20, 1 6 6 3 5 5 0 7 3 0 6 3 3 3 0 6 6 3 3 7 4 7 
213, 151, 457, 1143, 0, 21, 1 6 6 3 5 5 0 7 3 0 6 3 3 3 0 6 6 3 3 7 4 7 
214, 152, 455, 1145, 0, 21, 1 6 6 3 5 5 0 7 3 0 6 3 3 3 0 6 6 3 3 7 4 7 
215, 148, 449, 1151, 0, 21, 1 6 6 3 5 5 0 7 3 0 6 3 3 3 0 6 6 3 3 7 4 7 
216, 148, 441, 1159, 1, 21, 1 6 6 3 5 5 0 7 3 0 6 3 3 3 0 6 6 3 3 7 4 7 
217, 149, 437, 1163, 6, 21, 1 6 6 3 5 5 0 7 3 0 6 3 3 3 0 6 6 3 3 7 4 7 
218, 146, 433, 1167, 1, 21, 1 6 6 3 5 5 0 7 3 0 6 3 3 3 0 6 6 3 3 7 4 7 
219, 146, 431, 1169, 0, 21, 1 6 6 3 5 5 0 7 3 0 6 3 3 3 0 6 6 3 3 7 4 7 
220, 147, 417, 1183, 0, 21, 1 6 6 3 5 5 0 7 3 0 6 3 3 3 0 6 6 3 3 7 4 7 
221, 144, 409, 1191, 3, 21, 1 6 6 3 5 5 0 7 3 0 6 3 3 3 0 6 6 3 3 7 4 7 
222, 145, 416, 1184, 5, 21, 1 6 6 3 5 5 0 7 3 0 6 3 3 3 0 6 6 3 3 7 4 7 
223, 148, 418, 1182, 0, 21, 1 6 6 3 5 5 0 7 3 0 6 3 3 3 0 6 6 3 3 7 4 7 
224, 148, 401, 1199, 0, 21, 1 6 6 3 5 5 0 7 3 0 6 3 3 3 0 6 6 3 3 7 4 7 
225, 150, 399, 1201, 1, 21, 1 6 6 3 5 5 0 7 3 0 6 3 3 3 0 6 6 3 3 7 4 7 
226, 152, 393, 1207, 0, 21, 1 6 6 3 5 5 0 7 3 0 6 3 3 3 0 6 6 3 3 7 4 7 
228, 153, 393, 1207, 6, 21, 1 6 6 3 5 5 0 7 3 0 6 3 3 3 0 6 6 3 3 7 4 7 
228, 153, 393, 1207, 6, 21, 1 6 6 