day, numberOfAnimals, numberOfGrass, numberOfEmptyTiles, averageEnergyLevel, averageLifeLength, strongestGenes, 
2, 38, 43, 107, 2, 0, 4 6 0 5 3 5 3 0 6 7 
3, 42, 49, 101, 1, 0, 4 6 0 5 3 5 3 0 6 7 
4, 43, 54, 96, 0, 0, 4 6 0 5 3 5 3 0 6 7 
5, 44, 59, 91, 2, 0, 4 6 0 5 3 5 3 0 6 7 
6, 49, 65, 85, 2, 4, 4 6 0 5 3 5 3 0 6 7 
7, 45, 67, 83, 0, 4, 4 6 0 5 3 5 3 0 6 7 
8, 44, 72, 78, 3, 4, 4 6 0 5 3 5 3 0 6 7 
9, 44, 74, 76, 0, 4, 4 6 0 5 3 5 3 0 6 7 
10, 42, 81, 69, 4, 4, 4 6 0 5 3 5 3 0 6 7 
11, 43, 88, 62, 3, 5, 4 6 0 5 3 5 3 0 6 7 
12, 43, 86, 64, 0, 6, 4 6 0 5 3 5 3 0 6 7 
13, 45, 84, 66, 3, 6, 4 6 0 5 3 5 3 0 6 7 
14, 47, 84, 66, 0, 6, 4 6 0 5 3 5 3 0 6 7 
15, 52, 82, 68, 3, 6, 4 6 0 5 3 5 3 0 6 7 
16, 52, 68, 82, 0, 6, 4 6 0 5 3 5 3 0 6 7 
17, 59, 71, 79, 0, 6, 4 6 0 5 3 5 3 0 6 7 
18, 66, 67, 83, 2, 6, 4 6 0 5 3 5 3 0 6 7 
