day, numberOfAnimals, numberOfGrass, numberOfEmptyTiles, averageEnergyLevel, averageLifeLength, strongestGenes, 
2, 15, 41, 1559, 20, 0, 1 0 0 4 3 6 1 5 5 6 2 6 2 2 3 3 2 2 7 5 6 3 
3, 15, 56, 1544, 19, 0, 1 0 0 4 3 6 1 5 5 6 2 6 2 2 3 3 2 2 7 5 6 3 
4, 15, 71, 1529, 18, 0, 1 0 0 4 3 6 1 5 5 6 2 6 2 2 3 3 2 2 7 5 6 3 
5, 15, 86, 1514, 18, 0, 1 0 0 4 3 6 1 5 5 6 2 6 2 2 3 3 2 2 7 5 6 3 
6, 15, 101, 1499, 17, 0, 1 0 0 4 3 6 1 5 5 6 2 6 2 2 3 3 2 2 7 5 6 3 
7, 15, 116, 1484, 16, 0, 1 0 0 4 3 6 1 5 5 6 2 6 2 2 3 3 2 2 7 5 6 3 
8, 15, 130, 1470, 16, 0, 1 0 0 4 3 6 1 5 5 6 2 6 2 2 3 3 2 2 7 5 6 3 
9, 15, 145, 1455, 15, 0, 1 0 0 4 3 6 1 5 5 6 2 6 2 2 3 3 2 2 7 5 6 3 
10, 15, 160, 1440, 14, 0, 1 0 0 4 3 6 1 5 5 6 2 6 2 2 3 3 2 2 7 5 6 3 
11, 15, 175, 1425, 14, 0, 1 0 0 4 3 6 1 5 5 6 2 6 2 2 3 3 2 2 7 5 6 3 
12, 15, 189, 1411, 13, 0, 1 0 0 4 3 6 1 5 5 6 2 6 2 2 3 3 2 2 7 5 6 3 
13, 15, 202, 1398, 12, 0, 1 0 0 4 3 6 1 5 5 6 2 6 2 2 3 3 2 2 7 5 6 3 
14, 15, 213, 1387, 12, 0, 1 0 0 4 3 6 1 5 5 6 2 6 2 2 3 3 2 2 7 5 6 3 
15, 15, 227, 1373, 11, 0, 1 0 0 4 3 6 1 5 5 6 2 6 2 2 3 3 2 2 7 5 6 3 
16, 15, 239, 1361, 16, 0, 1 0 0 4 3 6 1 5 5 6 2 6 2 2 3 3 2 2 7 5 6 3 
17, 16, 253, 1347, 14, 0, 1 0 0 4 3 6 1 5 5 6 2 6 2 2 3 3 2 2 7 5 6 3 
18, 16, 267, 1333, 13, 0, 1 0 0 4 3 6 1 5 5 6 2 6 2 2 3 3 2 2 7 5 6 3 
19, 16, 280, 1320, 13, 0, 1 0 0 4 3 6 1 5 5 6 2 6 2 2 3 3 2 2 7 5 6 3 
20, 17, 293, 1307, 11, 0, 1 0 0 4 3 6 1 5 5 6 2 6 2 2 3 3 2 2 7 5 6 3 
21, 17, 304, 1296, 4, 0, 1 0 0 4 3 6 1 5 5 6 2 6 2 2 3 3 2 2 7 5 6 3 
22, 17, 313, 1287, 4, 0, 1 0 0 4 3 6 1 5 5 6 2 6 2 2 3 3 2 2 7 5 6 3 
23, 17, 324, 1276, 8, 0, 1 0 0 4 3 6 1 5 5 6 2 6 2 2 3 3 2 2 7 5 6 3 
24, 17, 335, 1265, 7, 0, 1 0 0 4 3 6 1 5 5 6 2 6 2 2 3 3 2 2 7 5 6 3 
25, 17, 350, 1250, 7, 0, 1 0 0 4 3 6 1 5 5 6 2 6 2 2 3 3 2 2 7 5 6 3 
26, 17, 360, 1240, 11, 0, 1 0 0 4 3 6 1 5 5 6 2 6 2 2 3 3 2 2 7 5 6 3 
27, 17, 369, 1231, 10, 0, 1 0 0 4 3 6 1 5 5 6 2 6 2 2 3 3 2 2 7 5 6 3 
28, 17, 382, 1218, 10, 0, 1 0 0 4 3 6 1 5 5 6 2 6 2 2 3 3 2 2 7 5 6 3 
29, 17, 393, 1207, 14, 0, 1 0 0 4 3 6 1 5 5 6 2 6 2 2 3 3 2 2 7 5 6 3 
30, 17, 405, 1195, 13, 0, 1 0 0 4 3 6 1 5 5 6 2 6 2 2 3 3 2 2 7 5 6 3 
31, 17, 415, 1185, 19, 0, 1 0 0 4 3 6 1 5 5 6 2 6 2 2 3 3 2 2 7 5 6 3 
32, 17, 426, 1174, 23, 0, 1 0 0 4 3 6 1 5 5 6 2 6 2 2 3 3 2 2 7 5 6 3 
33, 16, 433, 1167, 22, 0, 1 0 0 4 3 6 1 5 5 6 2 6 2 2 3 3 2 2 7 5 6 3 
34, 16, 444, 1156, 10, 33, 1 0 0 4 3 6 1 5 5 6 2 6 2 2 3 3 2 2 7 5 6 3 
35, 16, 454, 1146, 9, 33, 1 0 0 4 3 6 1 5 5 6 2 6 2 2 3 3 2 2 7 5 6 3 
36, 16, 465, 1135, 32, 33, 1 0 0 4 3 6 1 5 5 6 2 6 2 2 3 3 2 2 7 5 6 3 
37, 16, 477, 1123, 25, 33, 1 0 0 4 3 6 1 5 5 6 2 6 2 2 3 3 2 2 7 5 6 3 
38, 16, 489, 1111, 24, 33, 1 0 0 4 3 6 1 5 5 6 2 6 2 2 3 3 2 2 7 5 6 3 
39, 16, 499, 1101, 23, 33, 1 0 0 4 3 6 1 5 5 6 2 6 2 2 3 3 2 2 7 5 6 3 
40, 16, 506, 1094, 1, 33, 1 0 0 4 3 6 1 5 5 6 2 6 2 2 3 3 2 2 7 5 6 3 
41, 16, 514, 1086, 5, 33, 1 0 0 4 3 6 1 5 5 6 2 6 2 2 3 3 2 2 7 5 6 3 
42, 16, 525, 1075, 5, 33, 1 0 0 4 3 6 1 5 5 6 2 6 2 2 3 3 2 2 7 5 6 3 
43, 16, 537, 1063, 9, 33, 1 0 0 4 3 6 1 5 5 6 2 6 2 2 3 3 2 2 7 5 6 3 
44, 16, 549, 1051, 8, 33, 1 0 0 4 3 6 1 5 5 6 2 6 2 2 3 3 2 2 7 5 6 3 
45, 15, 557, 1043, 8, 33, 1 0 0 4 3 6 1 5 5 6 2 6 2 2 3 3 2 2 7 5 6 3 
46, 15, 566, 1034, 33, 39, 1 0 0 4 3 6 1 5 5 6 2 6 2 2 3 3 2 2 7 5 6 3 
47, 16, 576, 1024, 30, 39, 1 0 0 4 3 6 1 5 5 6 2 6 2 2 3 3 2 2 7 5 6 3 
48, 16, 590, 1010, 11, 39, 1 0 0 4 3 6 1 5 5 6 2 6 2 2 3 3 2 2 7 5 6 3 
49, 16, 598, 1002, 29, 39, 1 0 0 4 3 6 1 5 5 6 2 6 2 2 3 3 2 2 7 5 6 3 
50, 16, 609, 991, 10, 39, 1 0 0 4 3 6 1 5 5 6 2 6 2 2 3 3 2 2 7 5 6 3 
51, 16, 617, 983, 9, 39, 1 0 0 4 3 6 1 5 5 6 2 6 2 2 3 3 2 2 7 5 6 3 
52, 16, 624, 976, 32, 39, 1 0 0 4 3 6 1 5 5 6 2 6 2 2 3 3 2 2 7 5 6 3 
53, 16, 635, 965, 31, 39, 1 0 0 4 3 6 1 5 5 6 2 6 2 2 3 3 2 2 7 5 6 3 
54, 16, 646, 954, 31, 39, 1 0 0 4 3 6 1 5 5 6 2 6 2 2 3 3 2 2 7 5 6 3 
55, 16, 657, 943, 30, 39, 1 0 0 4 3 6 1 5 5 6 2 6 2 2 3 3 2 2 7 5 6 3 
56, 16, 667, 933, 30, 39, 1 0 0 4 3 6 1 5 5 6 2 6 2 2 3 3 2 2 7 5 6 3 
57, 16, 676, 924, 29, 39, 1 0 0 4 3 6 1 5 5 6 2 6 2 2 3 3 2 2 7 5 6 3 
58, 16, 688, 912, 46, 39, 1 0 0 4 3 6 1 5 5 6 2 6 2 2 3 3 2 2 7 5 6 3 
59, 16, 695, 905, 51, 39, 1 0 0 4 3 6 1 5 5 6 2 6 2 2 3 3 2 2 7 5 6 3 
60, 16, 703, 897, 50, 39, 1 0 0 4 3 6 1 5 5 6 2 6 2 2 3 3 2 2 7 5 6 3 
61, 16, 713, 887, 31, 39, 1 0 0 4 3 6 1 5 5 6 2 6 2 2 3 3 2 2 7 5 6 3 
62, 16, 722, 878, 49, 39, 1 0 0 4 3 6 1 5 5 6 2 6 2 2 3 3 2 2 7 5 6 3 
63, 16, 734, 866, 53, 39, 1 0 0 4 3 6 1 5 5 6 2 6 2 2 3 3 2 2 7 5 6 3 
64, 16, 745, 855, 63, 39, 1 0 0 4 3 6 1 5 5 6 2 6 2 2 3 3 2 2 7 5 6 3 
65, 16, 757, 843, 94, 39, 1 0 0 4 3 6 1 5 5 6 2 6 2 2 3 3 2 2 7 5 6 3 
66, 16, 768, 832, 30, 39, 1 0 0 4 3 6 1 5 5 6 2 6 2 2 3 3 2 2 7 5 6 3 
67, 16, 775, 825, 66, 39, 1 0 0 4 3 6 1 5 5 6 2 6 2 2 3 3 2 2 7 5 6 3 
68, 16, 784, 816, 28, 39, 1 0 0 4 3 6 1 5 5 6 2 6 2 2 3 3 2 2 7 5 6 3 
69, 16, 796, 804, 96, 39, 1 0 0 4 3 6 1 5 5 6 2 6 2 2 3 3 2 2 7 5 6 3 
70, 16, 802, 798, 101, 39, 1 0 0 4 3 6 1 5 5 6 2 6 2 2 3 3 2 2 7 5 6 3 
71, 16, 815, 785, 30, 39, 1 0 0 4 3 6 1 5 5 6 2 6 2 2 3 3 2 2 7 5 6 3 
72, 16, 827, 773, 31, 39, 1 0 0 4 3 6 1 5 5 6 2 6 2 2 3 3 2 2 7 5 6 3 
73, 16, 837, 763, 29, 39, 1 0 0 4 3 6 1 5 5 6 2 6 2 2 3 3 2 2 7 5 6 3 
74, 17, 849, 751, 27, 39, 1 0 0 4 3 6 1 5 5 6 2 6 2 2 3 3 2 2 7 5 6 3 
75, 17, 857, 743, 76, 39, 1 0 0 4 3 6 1 5 5 6 2 6 2 2 3 3 2 2 7 5 6 3 
76, 17, 865, 735, 31, 39, 1 0 0 4 3 6 1 5 5 6 2 6 2 2 3 3 2 2 7 5 6 3 
77, 17, 871, 729, 100, 39, 1 0 0 4 3 6 1 5 5 6 2 6 2 2 3 3 2 2 7 5 6 3 
78, 17, 879, 721, 35, 39, 1 0 0 4 3 6 1 5 5 6 2 6 2 2 3 3 2 2 7 5 6 3 
79, 17, 886, 714, 42, 39, 1 0 0 4 3 6 1 5 5 6 2 6 2 2 3 3 2 2 7 5 6 3 
80, 17, 893, 707, 39, 39, 1 0 0 4 3 6 1 5 5 6 2 6 2 2 3 3 2 2 7 5 6 3 
81, 17, 899, 701, 60, 39, 1 0 0 4 3 6 1 5 5 6 2 6 2 2 3 3 2 2 7 5 6 3 
82, 17, 905, 695, 64, 39, 1 0 0 4 3 6 1 5 5 6 2 6 2 2 3 3 2 2 7 5 6 3 
83, 17, 911, 689, 40, 39, 1 0 0 4 3 6 1 5 5 6 2 6 2 2 3 3 2 2 7 5 6 3 
84, 17, 918, 682, 68, 39, 1 0 0 4 3 6 1 5 5 6 2 6 2 2 3 3 2 2 7 5 6 3 
85, 17, 924, 676, 72, 39, 1 0 0 4 3 6 1 5 5 6 2 6 2 2 3 3 2 2 7 5 6 3 
86, 17, 929, 671, 62, 39, 1 0 0 4 3 6 1 5 5 6 2 6 2 2 3 3 2 2 7 5 6 3 
87, 17, 937, 663, 38, 39, 1 0 0 4 3 6 1 5 5 6 2 6 2 2 3 3 2 2 7 5 6 3 
88, 17, 946, 654, 37, 39, 1 0 0 4 3 6 1 5 5 6 2 6 2 2 3 3 2 2 7 5 6 3 
89, 17, 952, 648, 112, 39, 1 0 0 4 3 6 1 5 5 6 2 6 2 2 3 3 2 2 7 5 6 3 
90, 17, 959, 641, 116, 39, 1 0 0 4 3 6 1 5 5 6 2 6 2 2 3 3 2 2 7 5 6 3 
91, 17, 968, 632, 45, 39, 1 0 0 4 3 6 1 5 5 6 2 6 2 2 3 3 2 2 7 5 6 3 
92, 17, 976, 624, 63, 39, 1 0 0 4 3 6 1 5 5 6 2 6 2 2 3 3 2 2 7 5 6 3 
93, 17, 986, 614, 114, 39, 1 0 0 4 3 6 1 5 5 6 2 6 2 2 3 3 2 2 7 5 6 3 
94, 17, 994, 606, 118, 39, 1 0 0 4 3 6 1 5 5 6 2 6 2 2 3 3 2 2 7 5 6 3 
95, 17, 1003, 597, 61, 39, 1 0 0 4 3 6 1 5 5 6 2 6 2 2 3 3 2 2 7 5 6 3 
96, 17, 1011, 589, 94, 39, 1 0 0 4 3 6 1 5 5 6 2 6 2 2 3 3 2 2 7 5 6 3 
97, 17, 1017, 583, 98, 39, 1 0 0 4 3 6 1 5 5 6 2 6 2 2 3 3 2 2 7 5 6 3 
98, 17, 1026, 574, 69, 39, 1 0 0 4 3 6 1 5 5 6 2 6 2 2 3 3 2 2 7 5 6 3 
99, 17, 1034, 566, 73, 39, 1 0 0 4 3 6 1 5 5 6 2 6 2 2 3 3 2 2 7 5 6 3 
100, 17, 1040, 560, 105, 39, 1 0 0 4 3 6 1 5 5 6 2 6 2 2 3 3 2 2 7 5 6 3 
101, 17, 1049, 551, 110, 39, 1 0 0 4 3 6 1 5 5 6 2 6 2 2 3 3 2 2 7 5 6 3 
102, 17, 1056, 544, 114, 39, 1 0 0 4 3 6 1 5 5 6 2 6 2 2 3 3 2 2 7 5 6 3 
103, 17, 1061, 539, 127, 39, 1 0 0 4 3 6 1 5 5 6 2 6 2 2 3 3 2 2 7 5 6 3 
104, 17, 1067, 533, 131, 39, 1 0 0 4 3 6 1 5 5 6 2 6 2 2 3 3 2 2 7 5 6 3 
105, 18, 1075, 525, 100, 39, 1 0 0 4 3 6 1 5 5 6 2 6 2 2 3 3 2 2 7 5 6 3 
106, 19, 1079, 521, 121, 39, 1 0 0 4 3 6 1 5 5 6 2 6 2 2 3 3 2 2 7 5 6 3 
107, 20, 1084, 516, 127, 39, 1 0 0 4 3 6 1 5 5 6 2 6 2 2 3 3 2 2 7 5 6 3 
108, 22, 1089, 511, 74, 39, 1 0 0 4 3 6 1 5 5 6 2 6 2 2 3 3 2 2 7 5 6 3 
109, 24, 1096, 504, 12, 39, 1 0 0 4 3 6 1 5 5 6 2 6 2 2 3 3 2 2 7 5 6 3 
110, 25, 1105, 495, 72, 39, 1 0 0 4 3 6 1 5 5 6 2 6 2 2 3 3 2 2 7 5 6 3 
111, 26, 1106, 494, 84, 39, 1 0 0 4 3 6 1 5 5 6 2 6 2 2 3 3 2 2 7 5 6 3 
112, 26, 1110, 490, 13, 39, 1 0 0 4 3 6 1 5 5 6 2 6 2 2 3 3 2 2 7 5 6 3 
113, 27, 1109, 491, 81, 39, 1 0 0 4 3 6 1 5 5 6 2 6 2 2 3 3 2 2 7 5 6 3 
114, 28, 1113, 487, 71, 39, 1 0 0 4 3 6 1 5 5 6 2 6 2 2 3 3 2 2 7 5 6 3 
115, 29, 1116, 484, 74, 39, 1 0 0 4 3 6 1 5 5 6 2 6 2 2 3 3 2 2 7 5 6 3 
116, 30, 1117, 483, 79, 39, 1 0 0 4 3 6 1 5 5 6 2 6 2 2 3 3 2 2 7 5 6 3 
117, 30, 1116, 484, 4, 39, 1 0 0 4 3 6 1 5 5 6 2 6 2 2 3 3 2 2 7 5 6 3 
118, 30, 1121, 479, 4, 39, 1 0 0 4 3 6 1 5 5 6 2 6 2 2 3 3 2 2 7 5 6 3 
119, 32, 1123, 477, 3, 39, 1 0 0 4 3 6 1 5 5 6 2 6 2 2 3 3 2 2 7 5 6 3 
120, 32, 1127, 473, 3, 39, 1 0 0 4 3 6 1 5 5 6 2 6 2 2 3 3 2 2 7 5 6 3 
121, 32, 1130, 470, 2, 39, 1 0 0 4 3 6 1 5 5 6 2 6 2 2 3 3 2 2 7 5 6 3 
122, 32, 1136, 464, 56, 39, 1 0 0 4 3 6 1 5 5 6 2 6 2 2 3 3 2 2 7 5 6 3 
123, 33, 1140, 460, 8, 39, 1 0 0 4 3 6 1 5 5 6 2 6 2 2 3 3 2 2 7 5 6 3 
124, 33, 1141, 459, 6, 39, 1 0 0 4 3 6 1 5 5 6 2 6 2 2 3 3 2 2 7 5 6 3 
125, 35, 1143, 457, 67, 39, 1 0 0 4 3 6 1 5 5 6 2 6 2 2 3 3 2 2 7 5 6 3 
126, 35, 1145, 455, 2, 39, 1 0 0 4 3 6 1 5 5 6 2 6 2 2 3 3 2 2 7 5 6 3 
127, 36, 1143, 457, 69, 39, 1 0 0 4 3 6 1 5 5 6 2 6 2 2 3 3 2 2 7 5 6 3 
128, 36, 1142, 458, 13, 39, 1 0 0 4 3 6 1 5 5 6 2 6 2 2 3 3 2 2 7 5 6 3 
129, 38, 1142, 458, 13, 39, 1 0 0 4 3 6 1 5 5 6 2 6 2 2 3 3 2 2 7 5 6 3 
130, 39, 1141, 459, 3, 39, 1 0 0 4 3 6 1 5 5 6 2 6 2 2 3 3 2 2 7 5 6 3 
131, 40, 1141, 459, 1, 39, 1 0 0 4 3 6 1 5 5 6 2 6 2 2 3 3 2 2 7 5 6 3 
132, 41, 1143, 457, 7, 39, 1 0 0 4 3 6 1 5 5 6 2 6 2 2 3 3 2 2 7 5 6 3 
133, 43, 1140, 460, 52, 39, 1 0 0 4 3 6 1 5 5 6 2 6 2 2 3 3 2 2 7 5 6 3 
134, 44, 1139, 461, 51, 39, 1 0 0 4 3 6 1 5 5 6 2 6 2 2 3 3 2 2 7 5 6 3 
135, 46, 1133, 467, 4, 39, 1 0 0 4 3 6 1 5 5 6 2 6 2 2 3 3 2 2 7 5 6 3 
136, 47, 1133, 467, 1, 39, 1 0 0 4 3 6 1 5 5 6 2 6 2 2 3 3 2 2 7 5 6 3 
137, 50, 1129, 471, 1, 39, 1 0 0 4 3 6 1 5 5 6 2 6 2 2 3 3 2 2 7 5 6 3 
138, 51, 1129, 471, 7, 39, 1 0 0 4 3 6 1 5 5 6 2 6 2 2 3 3 2 2 7 5 6 3 
139, 51, 1120, 480, 14, 39, 1 0 0 4 3 6 1 5 5 6 2 6 2 2 3 3 2 2 7 5 6 3 
140, 55, 1119, 481, 2, 39, 1 0 0 4 3 6 1 5 5 6 2 6 2 2 3 3 2 2 7 5 6 3 
141, 57, 1115, 485, 12, 39, 1 0 0 4 3 6 1 5 5 6 2 6 2 2 3 3 2 2 7 5 6 3 
142, 60, 1114, 486, 4, 39, 1 0 0 4 3 6 1 5 5 6 2 6 2 2 3 3 2 2 7 5 6 3 
143, 61, 1107, 493, 11, 39, 1 0 0 4 3 6 1 5 5 6 2 6 2 2 3 3 2 2 7 5 6 3 
144, 62, 1101, 499, 2, 32, 1 0 0 4 3 6 1 5 5 6 2 6 2 2 3 3 2 2 7 5 6 3 
145, 63, 1098, 502, 0, 32, 1 0 0 4 3 6 1 5 5 6 2 6 2 2 3 3 2 2 7 5 6 3 
146, 65, 1090, 510, 3, 32, 1 0 0 4 3 6 1 5 5 6 2 6 2 2 3 3 2 2 7 5 6 3 
147, 64, 1080, 520, 1, 26, 1 0 0 4 3 6 1 5 5 6 2 6 2 2 3 3 2 2 7 5 6 3 
148, 65, 1076, 524, 8, 23, 1 0 0 4 3 6 1 5 5 6 2 6 2 2 3 3 2 2 7 5 6 3 
149, 66, 1071, 529, 2, 23, 1 0 0 4 3 6 1 5 5 6 2 6 2 2 3 3 2 2 7 5 6 3 
150, 68, 1063, 537, 1, 23, 1 0 0 4 3 6 1 5 5 6 2 6 2 2 3 3 2 2 7 5 6 3 
151, 67, 1064, 536, 1, 23, 1 0 0 4 3 6 1 5 5 6 2 6 2 2 3 3 2 2 7 5 6 3 
152, 71, 1056, 544, 4, 20, 1 0 0 4 3 6 1 5 5 6 2 6 2 2 3 3 2 2 7 5 6 3 
153, 72, 1050, 550, 9, 19, 1 0 0 4 3 6 1 5 5 6 2 6 2 2 3 3 2 2 7 5 6 3 
154, 75, 1036, 564, 1, 18, 1 0 0 4 3 6 1 5 5 6 2 6 2 2 3 3 2 2 7 5 6 3 
155, 79, 1038, 562, 9, 18, 1 0 0 4 3 6 1 5 5 6 2 6 2 2 3 3 2 2 7 5 6 3 
156, 82, 1031, 569, 8, 18, 1 0 0 4 3 6 1 5 5 6 2 6 2 2 3 3 2 2 7 5 6 3 
157, 82, 1023, 577, 6, 17, 1 0 0 4 3 6 1 5 5 6 2 6 2 2 3 3 2 2 7 5 6 3 
158, 86, 1009, 591, 6, 19, 1 0 0 4 3 6 1 5 5 6 2 6 2 2 3 3 2 2 7 5 6 3 
159, 85, 1003, 597, 6, 19, 1 0 0 4 3 6 1 5 5 6 2 6 2 2 3 3 2 2 7 5 6 3 
160, 85, 1003, 597, 20, 18, 1 0 0 4 3 6 1 5 5 6 2 6 2 2 3 3 2 2 7 5 6 3 
161, 86, 994, 606, 3, 18, 1 0 0 4 3 6 1 5 5 6 2 6 2 2 3 3 2 2 7 5 6 3 
162, 87, 981, 619, 1, 18, 1 0 0 4 3 6 1 5 5 6 2 6 2 2 3 3 2 2 7 5 6 3 
163, 89, 975, 625, 3, 17, 1 0 0 4 3 6 1 5 5 6 2 6 2 2 3 3 2 2 7 5 6 3 
164, 90, 974, 626, 6, 17, 1 0 0 4 3 6 1 5 5 6 2 6 2 2 3 3 2 2 7 5 6 3 
165, 92, 970, 630, 2, 17, 1 0 0 4 3 6 1 5 5 6 2 6 2 2 3 3 2 2 7 5 6 3 
166, 94, 965, 635, 6, 16, 1 0 0 4 3 6 1 5 5 6 2 6 2 2 3 3 2 2 7 5 6 3 
167, 98, 960, 640, 0, 17, 1 0 0 4 3 6 1 5 5 6 2 6 2 2 3 3 2 2 7 5 6 3 
168, 100, 952, 648, 0, 17, 1 0 0 4 3 6 1 5 5 6 2 6 2 2 3 3 2 2 7 5 6 3 
169, 102, 944, 656, 0, 16, 1 0 0 4 3 6 1 5 5 6 2 6 2 2 3 3 2 2 7 5 6 3 
170, 105, 939, 661, 0, 18, 1 0 0 4 3 6 1 5 5 6 2 6 2 2 3 3 2 2 7 5 6 3 
171, 110, 935, 665, 0, 18, 1 0 0 4 3 6 1 5 5 6 2 6 2 2 3 3 2 2 7 5 6 3 
172, 115, 924, 676, 30, 18, 1 0 0 4 3 6 1 5 5 6 2 6 2 2 3 3 2 2 7 5 6 3 
173, 118, 924, 676, 1, 18, 1 0 0 4 3 6 1 5 5 6 2 6 2 2 3 3 2 2 7 5 6 3 
174, 122, 920, 680, 0, 17, 1 0 0 4 3 6 1 5 5 6 2 6 2 2 3 3 2 2 7 5 6 3 
175, 125, 910, 690, 0, 17, 1 0 0 4 3 6 1 5 5 6 2 6 2 2 3 3 2 2 7 5 6 3 
176, 129, 907, 693, 0, 17, 1 0 0 4 3 6 1 5 5 6 2 6 2 2 3 3 2 2 7 5 6 3 
177, 128, 897, 703, 0, 17, 1 0 0 4 3 6 1 5 5 6 2 6 2 2 3 3 2 2 7 5 6 3 
178, 131, 895, 705, 29, 16, 1 0 0 4 3 6 1 5 5 6 2 6 2 2 3 3 2 2 7 5 6 3 
179, 133, 885, 715, 27, 16, 1 0 0 4 3 6 1 5 5 6 2 6 2 2 3 3 2 2 7 5 6 3 
180, 137, 880, 720, 2, 16, 1 0 0 4 3 6 1 5 5 6 2 6 2 2 3 3 2 2 7 5 6 3 
181, 138, 873, 727, 1, 17, 1 0 0 4 3 6 1 5 5 6 2 6 2 2 3 3 2 2 7 5 6 3 
182, 140, 873, 727, 0, 17, 1 0 0 4 3 6 1 5 5 6 2 6 2 2 3 3 2 2 7 5 6 3 
183, 143, 874, 726, 0, 16, 1 0 0 4 3 6 1 5 5 6 2 6 2 2 3 3 2 2 7 5 6 3 
184, 145, 859, 741, 3, 16, 1 0 0 4 3 6 1 5 5 6 2 6 2 2 3 3 2 2 7 5 6 3 
185, 144, 855, 745, 0, 16, 1 0 0 4 3 6 1 5 5 6 2 6 2 2 3 3 2 2 7 5 6 3 
186, 141, 849, 751, 7, 16, 1 0 0 4 3 6 1 5 5 6 2 6 2 2 3 3 2 2 7 5 6 3 
187, 142, 842, 758, 25, 16, 1 0 0 4 3 6 1 5 5 6 2 6 2 2 3 3 2 2 7 5 6 3 
188, 138, 839, 761, 0, 16, 1 0 0 4 3 6 1 5 5 6 2 6 2 2 3 3 2 2 7 5 6 3 
189, 140, 833, 767, 0, 17, 1 0 0 4 3 6 1 5 5 6 2 6 2 2 3 3 2 2 7 5 6 3 
190, 143, 819, 781, 0, 17, 1 0 0 4 3 6 1 5 5 6 2 6 2 2 3 3 2 2 7 5 6 3 
191, 146, 808, 792, 0, 16, 1 0 0 4 3 6 1 5 5 6 2 6 2 2 3 3 2 2 7 5 6 3 
192, 149, 803, 797, 0, 16, 1 0 0 4 3 6 1 5 5 6 2 6 2 2 3 3 2 2 7 5 6 3 
193, 149, 787, 813, 0, 17, 1 0 0 4 3 6 1 5 5 6 2 6 2 2 3 3 2 2 7 5 6 3 
194, 148, 783, 817, 0, 17, 1 0 0 4 3 6 1 5 5 6 2 6 2 2 3 3 2 2 7 5 6 3 
195, 148, 779, 821, 0, 17, 1 0 0 4 3 6 1 5 5 6 2 6 2 2 3 3 2 2 7 5 6 3 
196, 150, 775, 825, 4, 17, 1 0 0 4 3 6 1 5 5 6 2 6 2 2 3 3 2 2 7 5 6 3 
197, 154, 774, 826, 1, 17, 1 0 0 4 3 6 1 5 5 6 2 6 2 2 3 3 2 2 7 5 6 3 
198, 156, 758, 842, 4, 19, 1 0 0 4 3 6 1 5 5 6 2 6 2 2 3 3 2 2 7 5 6 3 
199, 155, 751, 849, 1, 19, 1 0 0 4 3 6 1 5 5 6 2 6 2 2 3 3 2 2 7 5 6 3 
200, 152, 750, 850, 4, 19, 1 0 0 4 3 6 1 5 5 6 2 6 2 2 3 3 2 2 7 5 6 3 
201, 149, 750, 850, 0, 19, 1 0 0 4 3 6 1 5 5 6 2 6 2 2 3 3 2 2 7 5 6 3 
202, 149, 738, 862, 3, 19, 1 0 0 4 3 6 1 5 5 6 2 6 2 2 3 3 2 2 7 5 6 3 
203, 148, 730, 870, 0, 18, 1 0 0 4 3 6 1 5 5 6 2 6 2 2 3 3 2 2 7 5 6 3 
204, 147, 721, 879, 4, 19, 1 0 0 4 3 6 1 5 5 6 2 6 2 2 3 3 2 2 7 5 6 3 
205, 141, 712, 888, 0, 18, 1 0 0 4 3 6 1 5 5 6 2 6 2 2 3 3 2 2 7 5 6 3 
206, 138, 710, 890, 0, 19, 1 0 0 4 3 6 1 5 5 6 2 6 2 2 3 3 2 2 7 5 6 3 
207, 134, 704, 896, 2, 19, 1 0 0 4 3 6 1 5 5 6 2 6 2 2 3 3 2 2 7 5 6 3 
208, 128, 696, 904, 1, 19, 1 0 0 4 3 6 1 5 5 6 2 6 2 2 3 3 2 2 7 5 6 3 
209, 125, 690, 910, 1, 19, 1 0 0 4 3 6 1 5 5 6 2 6 2 2 3 3 2 2 7 5 6 3 
210, 124, 681, 919, 23, 19, 1 0 0 4 3 6 1 5 5 6 2 6 2 2 3 3 2 2 7 5 6 3 
211, 125, 673, 927, 0, 20, 1 0 0 4 3 6 1 5 5 6 2 6 2 2 3 3 2 2 7 5 6 3 
212, 125, 674, 926, 7, 20, 1 0 0 4 3 6 1 5 5 6 2 6 2 2 3 3 2 2 7 5 6 3 
213, 128, 673, 927, 0, 19, 1 0 0 4 3 6 1 5 5 6 2 6 2 2 3 3 2 2 7 5 6 3 
214, 128, 671, 929, 0, 19, 1 0 0 4 3 6 1 5 5 6 2 6 2 2 3 3 2 2 7 5 6 3 
215, 130, 664, 936, 7, 19, 1 0 0 4 3 6 1 5 5 6 2 6 2 2 3 3 2 2 7 5 6 3 
216, 130, 653, 947, 0, 19, 1 0 0 4 3 6 1 5 5 6 2 6 2 2 3 3 2 2 7 5 6 3 
217, 136, 655, 945, 7, 19, 1 0 0 4 3 6 1 5 5 6 2 6 2 2 3 3 2 2 7 5 6 3 
218, 138, 649, 951, 15, 19, 1 0 0 4 3 6 1 5 5 6 2 6 2 2 3 3 2 2 7 5 6 3 
219, 140, 637, 963, 0, 20, 1 0 0 4 3 6 1 5 5 6 2 6 2 2 3 3 2 2 7 5 6 3 
220, 144, 633, 967, 0, 19, 1 0 0 4 3 6 1 5 5 6 2 6 2 2 3 3 2 2 7 5 6 3 
222, 144, 629, 971, 38, 19, 1 0 0 4 3 6 1 5 5 6 2 6 2 2 3 3 2 2 7 5 6 3 
223, 143, 622, 978, 4, 20, 1 0 0 4 3 6 1 5 5 6 2 6 2 2 3 3 2 2 7 5 6 3 
223, 143, 622, 978, 4, 20, 1 0 0 4 3 6 1 5 5 6 2 6 2 2 3 3 2 2 7 5 6 3 
224, 144, 618, 982, 1, 20, 1 0 0 4 3 6 1 5 5 6 2 6 2 2 3 3 2 2 7 5 6 3 
225, 143, 614, 986, 0, 20, 1 0 0 4 3 6 1 5 5 6 2 6 2 2 3 3 2 2 7 5 6 3 
226, 141, 612, 988, 0, 20, 1 0 0 4 3 6 1 5 5 6 2 6 2 2 3 3 2 2 7 5 6 3 
227, 136, 604, 996, 5, 21, 1 0 0 4 3 6 1 5 5 6 2 6 2 2 3 3 2 2 7 5 6 3 
228, 142, 599, 1001, 15, 20, 1 0 0 4 3 6 1 5 5 6 2 6 2 2 3 3 2 2 7 5 6 3 
229, 143, 599, 1001, 5, 20, 1 0 0 4 3 6 1 5 5 6 2 6 2 2 3 3 2 2 7 5 6 3 
231, 136, 582, 1018, 5, 20, 1 0 0 4 3 6 1 5 5 6 2 6 2 2 3 3 2 2 7 5 6 3 
231, 136, 582, 1018, 5, 20, 1 0 0 4 3 6 1 5 5 6 2 6 2 2 3 3 2 2 7 5 6 3 
232, 133, 573, 1027, 5, 20, 1 0 0 4 3 6 1 5 5 6 2 6 2 2 3 3 2 2 7 5 6 3 
233, 132, 567, 1033, 0, 20, 1 0 0 4 3 6 1 5 5 6 2 6 2 2 3 3 2 2 7 5 6 3 
234, 136, 566, 1034, 0, 20, 1 0 0 4 3 6 1 5 5 6 2 6 2 2 3 3 2 2 7 5 6 3 
235, 135, 549, 1051, 5, 20, 1 0 0 4 3 6 1 5 5 6 2 6 2 2 3 3 2 2 7 5 6 3 
236, 132, 541, 1059, 46, 21, 1 0 0 4 3 6 1 5 5 6 2 6 2 2 3 3 2 2 7 5 6 3 
238, 134, 533, 1067, 5, 20, 1 0 0 4 3 6 1 5 5 6 2 6 2 2 3 3 2 2 7 5 6 3 
239, 131, 533, 1067, 12, 20, 1 0 0 4 3 6 1 5 5 6 2 6 2 2 3 3 2 2 7 5 6 3 
239, 131, 533, 1067, 12, 20, 1 0 0 4 3 6 1 5 5 6 2 6 2 2 3 3 2 2 7 5 6 3 
240, 131, 524, 1076, 1, 20, 1 0 0 4 3 6 1 5 5 6 2 6 2 2 3 3 2 2 7 5 6 3 
241, 131, 520, 1080, 0, 21, 1 0 0 4 3 6 1 5 5 6 2 6 2 2 3 3 2 2 7 5 6 3 
242, 133, 515, 1085, 2, 21, 1 0 0 4 3 6 1 5 5 6 2 6 2 2 3 3 2 2 7 5 6 3 
244, 135, 509, 1091, 5, 20, 1 0 0 4 3 6 1 5 5 6 2 6 2 2 3 3 2 2 7 5 6 3 
245, 139, 502, 1098, 10, 20, 1 0 0 4 3 6 1 5 5 6 2 6 2 2 3 3 2 2 7 5 6 3 
245, 139, 502, 1098, 10, 20, 1 0 0 4 3 6 1 5 5 6 2 6 2 2 3 3 2 2 7 5 6 3 
246, 142, 496, 1104, 26, 20, 1 0 0 4 3 6 1 5 5 6 2 6 2 2 3 3 2 2 7 5 6 3 
247, 140, 493, 1107, 27, 21, 1 0 0 4 3 6 1 5 5 6 2 6 2 2 3 3 2 2 7 5 6 3 
249, 142, 487, 1113, 10, 21, 1 0 0 4 3 6 1 5 5 6 2 6 2 2 3 3 2 2 7 5 6 3 
249, 142, 487, 1113, 10, 21, 1 0 0 4 3 6 1 5 5 6 2 6 2 2 3 3 2 2 7 5 6 3 
250, 145, 483, 1117, 10, 21, 1 0 0 4 3 6 1 5 5 6 2 6 2 2 3 3 2 2 7 5 6 3 
251, 145, 482, 1118, 4, 21, 1 0 0 4 3 6 1 5 5 6 2 6 2 2 3 3 2 2 7 5 6 3 
252, 146, 476, 1124, 2, 21, 1 0 0 4 3 6 1 5 5 6 2 6 2 2 3 3 2 2 7 5 6 3 
254, 146, 468, 1132, 2, 22, 1 0 0 4 3 6 1 5 5 6 2 6 2 2 3 3 2 2 7 5 6 3 
254, 146, 468, 1132, 2, 22, 1 0 0 4 3 6 1 5 5 6 2 6 2 2 3 3 2 2 7 5 6 3 
255, 144, 461, 1139, 28, 22, 1 0 0 4 3 6 1 5 5 6 2 6 2 2 3 3 2 2 7 5 6 3 
256, 143, 452, 1148, 3, 21, 1 0 0 4 3 6 1 5 5 6 2 6 2 2 3 3 2 2 7 5 6 3 
257, 145, 445, 1155, 29, 21, 1 0 0 4 3 6 1 5 5 6 2 6 2 2 3 3 2 2 7 5 6 3 
259, 144, 433, 1167, 29, 21, 1 0 0 4 3 6 1 5 5 6 2 6 2 2 3 3 2 2 7 5 6 3 
259, 144, 433, 1167, 29, 21, 1 0 0 4 3 6 1 5 5 6 2 6 2 2 3 3 2 2 7 5 6 3 
260, 145, 419, 1181, 0, 21, 1 0 0 4 3 6 1 5 5 6 2 6 2 2 3 3 2 2 7 5 6 3 
261, 145, 420, 1180, 0, 21, 1 0 0 4 3 6 1 5 5 6 2 6 2 2 3 3 2 2 7 5 6 3 
262, 146, 410, 1190, 8, 21, 1 0 0 4 3 6 1 5 5 6 2 6 2 2 3 3 2 2 7 5 6 3 
264, 146, 402, 1198, 0, 22, 1 0 0 4 3 6 1 5 5 6 2 6 2 2 3 3 2 2 7 5 6 3 
264, 146, 402, 1198, 0, 22, 1 0 0 4 3 6 1 5 5 6 2 6 2 2 3 3 2 2 7 5 6 3 
265, 145, 401, 1199, 0, 22, 1 0 0 4 3 6 1 5 5 6 2 6 2 2 3 3 2 2 7 5 6 3 
266, 144, 392, 1208, 2, 22, 1 0 0 4 3 6 1 5 5 6 2 6 2 2 3 3 2 2 7 5 6 3 
268, 149, 376, 1224, 29, 22, 1 0 0 4 3 6 1 5 5 6 2 6 2 2 3 3 2 2 7 5 6 3 
268, 149, 376, 1224, 29, 22, 1 0 0 4 3 6 1 5 5 6 2 6 2 2 3 3 2 2 7 5 6 3 
269, 152, 376, 1224, 0, 22, 1 0 0 4 3 6 1 5 5 6 2 6 2 2 3 3 2 2 7 5 6 3 
270, 157, 371, 1229, 0, 22, 1 0 0 4 3 6 1 5 5 6 2 6 2 2 3 3 2 2 7 5 6 3 
272, 164, 363, 1237, 0, 22, 1 0 0 4 3 6 1 5 5 6 2 6 2 2 3 3 2 2 7 5 6 3 
272, 164, 363, 1237, 0, 22, 1 0 0 4 3 6 1 5 5 6 2 6 2 2 3 3 2 2 7 5 6 3 
273, 160, 359, 1241, 0, 22, 1 0 0 4 3 6 1 5 5 6 2 6 2 2 3 3 2 2 7 5 6 3 
274, 167, 355, 1245, 0, 22, 1 0 0 4 3 6 1 5 5 6 2 6 2 2 3 3 2 2 7 5 6 3 
274, 167, 355, 1245, 0, 22, 1 0 0 4 3 6 1 5 5 6 2 6 2 2 3 3 2 2 7 5 6 3 
