day, numberOfAnimals, numberOfGrass, numberOfEmptyTiles, averageEnergyLevel, averageLifeLength, strongestGenes, 
2, 16, 42, 1558, 18, 0, 7 2 0 0 6 6 1 0 4 1 2 4 0 0 0 3 7 6 7 7 6 7 
3, 16, 56, 1544, 18, 0, 7 2 0 0 6 6 1 0 4 1 2 4 0 0 0 3 7 6 7 7 6 7 
4, 16, 70, 1530, 17, 0, 7 2 0 0 6 6 1 0 4 1 2 4 0 0 0 3 7 6 7 7 6 7 
5, 16, 83, 1517, 14, 0, 7 2 0 0 6 6 1 0 4 1 2 4 0 0 0 3 7 6 7 7 6 7 
6, 17, 98, 1502, 15, 0, 7 2 0 0 6 6 1 0 4 1 2 4 0 0 0 3 7 6 7 7 6 7 
7, 17, 112, 1488, 1, 0, 7 2 0 0 6 6 1 0 4 1 2 4 0 0 0 3 7 6 7 7 6 7 
8, 17, 125, 1475, 11, 0, 7 2 0 0 6 6 1 0 4 1 2 4 0 0 0 3 7 6 7 7 6 7 
9, 17, 137, 1463, 5, 0, 7 2 0 0 6 6 1 0 4 1 2 4 0 0 0 3 7 6 7 7 6 7 
10, 18, 149, 1451, 9, 0, 7 2 0 0 6 6 1 0 4 1 2 4 0 0 0 3 7 6 7 7 6 7 
11, 18, 163, 1437, 4, 0, 7 2 0 0 6 6 1 0 4 1 2 4 0 0 0 3 7 6 7 7 6 7 
12, 19, 177, 1423, 13, 0, 7 2 0 0 6 6 1 0 4 1 2 4 0 0 0 3 7 6 7 7 6 7 
13, 19, 191, 1409, 2, 0, 7 2 0 0 6 6 1 0 4 1 2 4 0 0 0 3 7 6 7 7 6 7 
14, 19, 201, 1399, 6, 0, 7 2 0 0 6 6 1 0 4 1 2 4 0 0 0 3 7 6 7 7 6 7 
15, 19, 215, 1385, 6, 0, 7 2 0 0 6 6 1 0 4 1 2 4 0 0 0 3 7 6 7 7 6 7 
16, 19, 226, 1374, 6, 0, 7 2 0 0 6 6 1 0 4 1 2 4 0 0 0 3 7 6 7 7 6 7 
17, 19, 240, 1360, 0, 0, 7 2 0 0 6 6 1 0 4 1 2 4 0 0 0 3 7 6 7 7 6 7 
18, 19, 255, 1345, 3, 0, 7 2 0 0 6 6 1 0 4 1 2 4 0 0 0 3 7 6 7 7 6 7 
19, 18, 267, 1333, 4, 0, 7 2 0 0 6 6 1 0 4 1 2 4 0 0 0 3 7 6 7 7 6 7 
20, 18, 280, 1320, 8, 18, 7 2 0 0 6 6 1 0 4 1 2 4 0 0 0 3 7 6 7 7 6 7 
21, 18, 292, 1308, 8, 18, 7 2 0 0 6 6 1 0 4 1 2 4 0 0 0 3 7 6 7 7 6 7 
22, 18, 304, 1296, 0, 18, 7 2 0 0 6 6 1 0 4 1 2 4 0 0 0 3 7 6 7 7 6 7 
23, 18, 317, 1283, 2, 18, 7 2 0 0 6 6 1 0 4 1 2 4 0 0 0 3 7 6 7 7 6 7 
24, 16, 331, 1269, 1, 18, 7 2 0 0 6 6 1 0 4 1 2 4 0 0 0 3 7 6 7 7 6 7 
25, 16, 341, 1259, 1, 20, 7 2 0 0 6 6 1 0 4 1 2 4 0 0 0 3 7 6 7 7 6 7 
26, 15, 354, 1246, 23, 20, 7 2 0 0 6 6 1 0 4 1 2 4 0 0 0 3 7 6 7 7 6 7 
27, 15, 368, 1232, 0, 21, 7 2 0 0 6 6 1 0 4 1 2 4 0 0 0 3 7 6 7 7 6 7 
28, 14, 381, 1219, 5, 21, 7 2 0 0 6 6 1 0 4 1 2 4 0 0 0 3 7 6 7 7 6 7 
29, 14, 395, 1205, 28, 22, 7 2 0 0 6 6 1 0 4 1 2 4 0 0 0 3 7 6 7 7 6 7 
30, 14, 407, 1193, 3, 22, 7 2 0 0 6 6 1 0 4 1 2 4 0 0 0 3 7 6 7 7 6 7 
31, 14, 418, 1182, 27, 22, 7 2 0 0 6 6 1 0 4 1 2 4 0 0 0 3 7 6 7 7 6 7 
32, 14, 427, 1173, 8, 22, 7 2 0 0 6 6 1 0 4 1 2 4 0 0 0 3 7 6 7 7 6 7 
33, 14, 440, 1160, 25, 22, 7 2 0 0 6 6 1 0 4 1 2 4 0 0 0 3 7 6 7 7 6 7 
34, 14, 447, 1153, 12, 22, 7 2 0 0 6 6 1 0 4 1 2 4 0 0 0 3 7 6 7 7 6 7 
35, 14, 457, 1143, 26, 22, 7 2 0 0 6 6 1 0 4 1 2 4 0 0 0 3 7 6 7 7 6 7 
36, 14, 466, 1134, 16, 22, 7 2 0 0 6 6 1 0 4 1 2 4 0 0 0 3 7 6 7 7 6 7 
37, 14, 475, 1125, 21, 22, 7 2 0 0 6 6 1 0 4 1 2 4 0 0 0 3 7 6 7 7 6 7 
38, 14, 483, 1117, 26, 22, 7 2 0 0 6 6 1 0 4 1 2 4 0 0 0 3 7 6 7 7 6 7 
39, 14, 496, 1104, 26, 22, 7 2 0 0 6 6 1 0 4 1 2 4 0 0 0 3 7 6 7 7 6 7 
40, 14, 506, 1094, 31, 22, 7 2 0 0 6 6 1 0 4 1 2 4 0 0 0 3 7 6 7 7 6 7 
41, 14, 516, 1084, 24, 22, 7 2 0 0 6 6 1 0 4 1 2 4 0 0 0 3 7 6 7 7 6 7 
42, 14, 526, 1074, 29, 22, 7 2 0 0 6 6 1 0 4 1 2 4 0 0 0 3 7 6 7 7 6 7 
43, 14, 538, 1062, 28, 22, 7 2 0 0 6 6 1 0 4 1 2 4 0 0 0 3 7 6 7 7 6 7 
44, 14, 551, 1049, 29, 22, 7 2 0 0 6 6 1 0 4 1 2 4 0 0 0 3 7 6 7 7 6 7 
45, 14, 562, 1038, 65, 22, 7 2 0 0 6 6 1 0 4 1 2 4 0 0 0 3 7 6 7 7 6 7 
46, 14, 572, 1028, 27, 22, 7 2 0 0 6 6 1 0 4 1 2 4 0 0 0 3 7 6 7 7 6 7 
47, 14, 583, 1017, 27, 22, 7 2 0 0 6 6 1 0 4 1 2 4 0 0 0 3 7 6 7 7 6 7 
48, 14, 592, 1008, 62, 22, 7 2 0 0 6 6 1 0 4 1 2 4 0 0 0 3 7 6 7 7 6 7 
49, 14, 602, 998, 62, 22, 7 2 0 0 6 6 1 0 4 1 2 4 0 0 0 3 7 6 7 7 6 7 
50, 14, 613, 987, 41, 22, 7 2 0 0 6 6 1 0 4 1 2 4 0 0 0 3 7 6 7 7 6 7 
51, 14, 624, 976, 41, 22, 7 2 0 0 6 6 1 0 4 1 2 4 0 0 0 3 7 6 7 7 6 7 
52, 14, 633, 967, 40, 22, 7 2 0 0 6 6 1 0 4 1 2 4 0 0 0 3 7 6 7 7 6 7 
53, 14, 643, 957, 40, 22, 7 2 0 0 6 6 1 0 4 1 2 4 0 0 0 3 7 6 7 7 6 7 
54, 14, 651, 949, 49, 22, 7 2 0 0 6 6 1 0 4 1 2 4 0 0 0 3 7 6 7 7 6 7 
55, 14, 660, 940, 8, 22, 7 2 0 0 6 6 1 0 4 1 2 4 0 0 0 3 7 6 7 7 6 7 
56, 14, 670, 930, 37, 22, 7 2 0 0 6 6 1 0 4 1 2 4 0 0 0 3 7 6 7 7 6 7 
57, 14, 678, 922, 58, 22, 7 2 0 0 6 6 1 0 4 1 2 4 0 0 0 3 7 6 7 7 6 7 
58, 14, 684, 916, 63, 22, 7 2 0 0 6 6 1 0 4 1 2 4 0 0 0 3 7 6 7 7 6 7 
59, 14, 695, 905, 5, 22, 7 2 0 0 6 6 1 0 4 1 2 4 0 0 0 3 7 6 7 7 6 7 
60, 14, 703, 897, 46, 22, 7 2 0 0 6 6 1 0 4 1 2 4 0 0 0 3 7 6 7 7 6 7 
61, 14, 713, 887, 67, 22, 7 2 0 0 6 6 1 0 4 1 2 4 0 0 0 3 7 6 7 7 6 7 
62, 14, 721, 879, 66, 22, 7 2 0 0 6 6 1 0 4 1 2 4 0 0 0 3 7 6 7 7 6 7 
63, 14, 730, 870, 66, 22, 7 2 0 0 6 6 1 0 4 1 2 4 0 0 0 3 7 6 7 7 6 7 
64, 14, 738, 862, 7, 22, 7 2 0 0 6 6 1 0 4 1 2 4 0 0 0 3 7 6 7 7 6 7 
65, 14, 749, 851, 64, 22, 7 2 0 0 6 6 1 0 4 1 2 4 0 0 0 3 7 6 7 7 6 7 
65, 14, 749, 851, 64, 22, 7 2 0 0 6 6 1 0 4 1 2 4 0 0 0 3 7 6 7 7 6 7 
