day, numberOfAnimals, numberOfGrass, numberOfEmptyTiles, averageEnergyLevel, averageLifeLength, strongestGenes, 
2, 15, 42, 1558, 20, 0, 3 2 3 0 7 3 0 1 6 3 6 6 0 5 1 1 6 4 0 1 4 1 
3, 15, 57, 1543, 19, 0, 3 2 3 0 7 3 0 1 6 3 6 6 0 5 1 1 6 4 0 1 4 1 
4, 15, 71, 1529, 18, 0, 3 2 3 0 7 3 0 1 6 3 6 6 0 5 1 1 6 4 0 1 4 1 
5, 15, 85, 1515, 18, 0, 3 2 3 0 7 3 0 1 6 3 6 6 0 5 1 1 6 4 0 1 4 1 
6, 15, 99, 1501, 17, 0, 3 2 3 0 7 3 0 1 6 3 6 6 0 5 1 1 6 4 0 1 4 1 
7, 16, 113, 1487, 15, 0, 3 2 3 0 7 3 0 1 6 3 6 6 0 5 1 1 6 4 0 1 4 1 
8, 17, 127, 1473, 14, 0, 3 2 3 0 7 3 0 1 6 3 6 6 0 5 1 1 6 4 0 1 4 1 
9, 18, 141, 1459, 12, 0, 3 2 3 0 7 3 0 1 6 3 6 6 0 5 1 1 6 4 0 1 4 1 
10, 18, 154, 1446, 16, 0, 3 2 3 0 7 3 0 1 6 3 6 6 0 5 1 1 6 4 0 1 4 1 
11, 18, 169, 1431, 11, 0, 3 2 3 0 7 3 0 1 6 3 6 6 0 5 1 1 6 4 0 1 4 1 
12, 18, 183, 1417, 11, 0, 3 2 3 0 7 3 0 1 6 3 6 6 0 5 1 1 6 4 0 1 4 1 
13, 18, 196, 1404, 15, 0, 3 2 3 0 7 3 0 1 6 3 6 6 0 5 1 1 6 4 0 1 4 1 
14, 18, 209, 1391, 14, 0, 3 2 3 0 7 3 0 1 6 3 6 6 0 5 1 1 6 4 0 1 4 1 
15, 18, 223, 1377, 13, 0, 3 2 3 0 7 3 0 1 6 3 6 6 0 5 1 1 6 4 0 1 4 1 
16, 18, 238, 1362, 13, 0, 3 2 3 0 7 3 0 1 6 3 6 6 0 5 1 1 6 4 0 1 4 1 
17, 17, 253, 1347, 13, 0, 3 2 3 0 7 3 0 1 6 3 6 6 0 5 1 1 6 4 0 1 4 1 
18, 16, 268, 1332, 13, 10, 3 2 3 0 7 3 0 1 6 3 6 6 0 5 1 1 6 4 0 1 4 1 
19, 15, 281, 1319, 8, 10, 3 2 3 0 7 3 0 1 6 3 6 6 0 5 1 1 6 4 0 1 4 1 
20, 15, 293, 1307, 8, 10, 3 2 3 0 7 3 0 1 6 3 6 6 0 5 1 1 6 4 0 1 4 1 
21, 15, 306, 1294, 7, 10, 3 2 3 0 7 3 0 1 6 3 6 6 0 5 1 1 6 4 0 1 4 1 
22, 15, 317, 1283, 6, 10, 3 2 3 0 7 3 0 1 6 3 6 6 0 5 1 1 6 4 0 1 4 1 
23, 15, 329, 1271, 27, 10, 3 2 3 0 7 3 0 1 6 3 6 6 0 5 1 1 6 4 0 1 4 1 
24, 15, 340, 1260, 26, 10, 3 2 3 0 7 3 0 1 6 3 6 6 0 5 1 1 6 4 0 1 4 1 
25, 15, 353, 1247, 26, 10, 3 2 3 0 7 3 0 1 6 3 6 6 0 5 1 1 6 4 0 1 4 1 
26, 15, 365, 1235, 25, 10, 3 2 3 0 7 3 0 1 6 3 6 6 0 5 1 1 6 4 0 1 4 1 
27, 15, 378, 1222, 30, 10, 3 2 3 0 7 3 0 1 6 3 6 6 0 5 1 1 6 4 0 1 4 1 
28, 15, 390, 1210, 13, 10, 3 2 3 0 7 3 0 1 6 3 6 6 0 5 1 1 6 4 0 1 4 1 
29, 15, 402, 1198, 2, 10, 3 2 3 0 7 3 0 1 6 3 6 6 0 5 1 1 6 4 0 1 4 1 
30, 15, 411, 1189, 12, 10, 3 2 3 0 7 3 0 1 6 3 6 6 0 5 1 1 6 4 0 1 4 1 
31, 15, 422, 1178, 0, 10, 3 2 3 0 7 3 0 1 6 3 6 6 0 5 1 1 6 4 0 1 4 1 
32, 15, 435, 1165, 10, 10, 3 2 3 0 7 3 0 1 6 3 6 6 0 5 1 1 6 4 0 1 4 1 
33, 14, 446, 1154, 10, 10, 3 2 3 0 7 3 0 1 6 3 6 6 0 5 1 1 6 4 0 1 4 1 
34, 14, 457, 1143, 27, 15, 3 2 3 0 7 3 0 1 6 3 6 6 0 5 1 1 6 4 0 1 4 1 
35, 14, 468, 1132, 9, 15, 3 2 3 0 7 3 0 1 6 3 6 6 0 5 1 1 6 4 0 1 4 1 
36, 14, 479, 1121, 8, 15, 3 2 3 0 7 3 0 1 6 3 6 6 0 5 1 1 6 4 0 1 4 1 
37, 14, 491, 1109, 7, 15, 3 2 3 0 7 3 0 1 6 3 6 6 0 5 1 1 6 4 0 1 4 1 
38, 14, 500, 1100, 7, 15, 3 2 3 0 7 3 0 1 6 3 6 6 0 5 1 1 6 4 0 1 4 1 
39, 14, 512, 1088, 12, 15, 3 2 3 0 7 3 0 1 6 3 6 6 0 5 1 1 6 4 0 1 4 1 
40, 14, 524, 1076, 11, 15, 3 2 3 0 7 3 0 1 6 3 6 6 0 5 1 1 6 4 0 1 4 1 
41, 14, 537, 1063, 50, 15, 3 2 3 0 7 3 0 1 6 3 6 6 0 5 1 1 6 4 0 1 4 1 
42, 14, 551, 1049, 50, 15, 3 2 3 0 7 3 0 1 6 3 6 6 0 5 1 1 6 4 0 1 4 1 
43, 14, 564, 1036, 55, 15, 3 2 3 0 7 3 0 1 6 3 6 6 0 5 1 1 6 4 0 1 4 1 
44, 14, 574, 1026, 54, 15, 3 2 3 0 7 3 0 1 6 3 6 6 0 5 1 1 6 4 0 1 4 1 
45, 14, 587, 1013, 53, 15, 3 2 3 0 7 3 0 1 6 3 6 6 0 5 1 1 6 4 0 1 4 1 
46, 14, 597, 1003, 58, 15, 3 2 3 0 7 3 0 1 6 3 6 6 0 5 1 1 6 4 0 1 4 1 
47, 14, 606, 994, 57, 15, 3 2 3 0 7 3 0 1 6 3 6 6 0 5 1 1 6 4 0 1 4 1 
48, 14, 615, 985, 17, 15, 3 2 3 0 7 3 0 1 6 3 6 6 0 5 1 1 6 4 0 1 4 1 
49, 14, 627, 973, 16, 15, 3 2 3 0 7 3 0 1 6 3 6 6 0 5 1 1 6 4 0 1 4 1 
50, 14, 633, 967, 67, 15, 3 2 3 0 7 3 0 1 6 3 6 6 0 5 1 1 6 4 0 1 4 1 
51, 14, 645, 955, 15, 15, 3 2 3 0 7 3 0 1 6 3 6 6 0 5 1 1 6 4 0 1 4 1 
52, 14, 655, 945, 14, 15, 3 2 3 0 7 3 0 1 6 3 6 6 0 5 1 1 6 4 0 1 4 1 
53, 14, 663, 937, 19, 15, 3 2 3 0 7 3 0 1 6 3 6 6 0 5 1 1 6 4 0 1 4 1 
54, 14, 673, 927, 35, 15, 3 2 3 0 7 3 0 1 6 3 6 6 0 5 1 1 6 4 0 1 4 1 
55, 14, 685, 915, 57, 15, 3 2 3 0 7 3 0 1 6 3 6 6 0 5 1 1 6 4 0 1 4 1 
56, 14, 694, 906, 62, 15, 3 2 3 0 7 3 0 1 6 3 6 6 0 5 1 1 6 4 0 1 4 1 
57, 14, 704, 896, 67, 15, 3 2 3 0 7 3 0 1 6 3 6 6 0 5 1 1 6 4 0 1 4 1 
57, 14, 704, 896, 67, 15, 3 2 3 0 7 3 0 1 6 3 6 6 0 5 1 1 6 4 0 1 4 1 
