day, numberOfAnimals, numberOfGrass, numberOfEmptyTiles, averageEnergyLevel, averageLifeLength, strongestGenes, 
2, 15, 42, 1558, 20, 0, 6 7 3 0 5 7 4 4 0 3 6 1 0 1 2 5 7 5 0 1 3 6 
3, 15, 56, 1544, 19, 0, 6 7 3 0 5 7 4 4 0 3 6 1 0 1 2 5 7 5 0 1 3 6 
4, 15, 71, 1529, 18, 0, 6 7 3 0 5 7 4 4 0 3 6 1 0 1 2 5 7 5 0 1 3 6 
5, 15, 86, 1514, 18, 0, 6 7 3 0 5 7 4 4 0 3 6 1 0 1 2 5 7 5 0 1 3 6 
6, 15, 99, 1501, 17, 0, 6 7 3 0 5 7 4 4 0 3 6 1 0 1 2 5 7 5 0 1 3 6 
7, 15, 113, 1487, 16, 0, 6 7 3 0 5 7 4 4 0 3 6 1 0 1 2 5 7 5 0 1 3 6 
8, 15, 128, 1472, 16, 0, 6 7 3 0 5 7 4 4 0 3 6 1 0 1 2 5 7 5 0 1 3 6 
9, 15, 143, 1457, 15, 0, 6 7 3 0 5 7 4 4 0 3 6 1 0 1 2 5 7 5 0 1 3 6 
10, 15, 158, 1442, 14, 0, 6 7 3 0 5 7 4 4 0 3 6 1 0 1 2 5 7 5 0 1 3 6 
11, 15, 171, 1429, 14, 0, 6 7 3 0 5 7 4 4 0 3 6 1 0 1 2 5 7 5 0 1 3 6 
12, 15, 185, 1415, 13, 0, 6 7 3 0 5 7 4 4 0 3 6 1 0 1 2 5 7 5 0 1 3 6 
13, 15, 199, 1401, 18, 0, 6 7 3 0 5 7 4 4 0 3 6 1 0 1 2 5 7 5 0 1 3 6 
14, 15, 213, 1387, 17, 0, 6 7 3 0 5 7 4 4 0 3 6 1 0 1 2 5 7 5 0 1 3 6 
15, 15, 222, 1378, 16, 0, 6 7 3 0 5 7 4 4 0 3 6 1 0 1 2 5 7 5 0 1 3 6 
16, 15, 233, 1367, 16, 0, 6 7 3 0 5 7 4 4 0 3 6 1 0 1 2 5 7 5 0 1 3 6 
17, 15, 244, 1356, 15, 0, 6 7 3 0 5 7 4 4 0 3 6 1 0 1 2 5 7 5 0 1 3 6 
18, 16, 258, 1342, 13, 0, 6 7 3 0 5 7 4 4 0 3 6 1 0 1 2 5 7 5 0 1 3 6 
19, 16, 272, 1328, 13, 0, 6 7 3 0 5 7 4 4 0 3 6 1 0 1 2 5 7 5 0 1 3 6 
20, 16, 286, 1314, 17, 0, 6 7 3 0 5 7 4 4 0 3 6 1 0 1 2 5 7 5 0 1 3 6 
21, 16, 300, 1300, 3, 0, 6 7 3 0 5 7 4 4 0 3 6 1 0 1 2 5 7 5 0 1 3 6 
22, 16, 313, 1287, 3, 0, 6 7 3 0 5 7 4 4 0 3 6 1 0 1 2 5 7 5 0 1 3 6 
23, 16, 325, 1275, 2, 0, 6 7 3 0 5 7 4 4 0 3 6 1 0 1 2 5 7 5 0 1 3 6 
24, 16, 337, 1263, 12, 0, 6 7 3 0 5 7 4 4 0 3 6 1 0 1 2 5 7 5 0 1 3 6 
25, 16, 346, 1254, 11, 0, 6 7 3 0 5 7 4 4 0 3 6 1 0 1 2 5 7 5 0 1 3 6 
26, 16, 356, 1244, 11, 0, 6 7 3 0 5 7 4 4 0 3 6 1 0 1 2 5 7 5 0 1 3 6 
27, 16, 369, 1231, 15, 0, 6 7 3 0 5 7 4 4 0 3 6 1 0 1 2 5 7 5 0 1 3 6 
28, 16, 382, 1218, 15, 0, 6 7 3 0 5 7 4 4 0 3 6 1 0 1 2 5 7 5 0 1 3 6 
29, 16, 395, 1205, 26, 0, 6 7 3 0 5 7 4 4 0 3 6 1 0 1 2 5 7 5 0 1 3 6 
30, 16, 406, 1194, 18, 0, 6 7 3 0 5 7 4 4 0 3 6 1 0 1 2 5 7 5 0 1 3 6 
31, 16, 417, 1183, 17, 0, 6 7 3 0 5 7 4 4 0 3 6 1 0 1 2 5 7 5 0 1 3 6 
32, 16, 428, 1172, 35, 0, 6 7 3 0 5 7 4 4 0 3 6 1 0 1 2 5 7 5 0 1 3 6 
33, 16, 437, 1163, 16, 0, 6 7 3 0 5 7 4 4 0 3 6 1 0 1 2 5 7 5 0 1 3 6 
34, 16, 450, 1150, 43, 0, 6 7 3 0 5 7 4 4 0 3 6 1 0 1 2 5 7 5 0 1 3 6 
35, 16, 461, 1139, 10, 0, 6 7 3 0 5 7 4 4 0 3 6 1 0 1 2 5 7 5 0 1 3 6 
36, 16, 471, 1129, 9, 0, 6 7 3 0 5 7 4 4 0 3 6 1 0 1 2 5 7 5 0 1 3 6 
37, 16, 484, 1116, 8, 0, 6 7 3 0 5 7 4 4 0 3 6 1 0 1 2 5 7 5 0 1 3 6 
38, 16, 496, 1104, 13, 0, 6 7 3 0 5 7 4 4 0 3 6 1 0 1 2 5 7 5 0 1 3 6 
39, 16, 505, 1095, 17, 0, 6 7 3 0 5 7 4 4 0 3 6 1 0 1 2 5 7 5 0 1 3 6 
40, 17, 519, 1081, 37, 0, 6 7 3 0 5 7 4 4 0 3 6 1 0 1 2 5 7 5 0 1 3 6 
41, 17, 529, 1071, 13, 0, 6 7 3 0 5 7 4 4 0 3 6 1 0 1 2 5 7 5 0 1 3 6 
42, 18, 540, 1060, 16, 0, 6 7 3 0 5 7 4 4 0 3 6 1 0 1 2 5 7 5 0 1 3 6 
43, 18, 550, 1050, 20, 0, 6 7 3 0 5 7 4 4 0 3 6 1 0 1 2 5 7 5 0 1 3 6 
44, 18, 559, 1041, 24, 0, 6 7 3 0 5 7 4 4 0 3 6 1 0 1 2 5 7 5 0 1 3 6 
45, 18, 569, 1031, 28, 0, 6 7 3 0 5 7 4 4 0 3 6 1 0 1 2 5 7 5 0 1 3 6 
46, 18, 578, 1022, 12, 0, 6 7 3 0 5 7 4 4 0 3 6 1 0 1 2 5 7 5 0 1 3 6 
47, 19, 589, 1011, 34, 0, 6 7 3 0 5 7 4 4 0 3 6 1 0 1 2 5 7 5 0 1 3 6 
48, 19, 595, 1005, 10, 0, 6 7 3 0 5 7 4 4 0 3 6 1 0 1 2 5 7 5 0 1 3 6 
49, 19, 606, 994, 41, 0, 6 7 3 0 5 7 4 4 0 3 6 1 0 1 2 5 7 5 0 1 3 6 
50, 19, 614, 986, 41, 0, 6 7 3 0 5 7 4 4 0 3 6 1 0 1 2 5 7 5 0 1 3 6 
51, 20, 624, 976, 42, 0, 6 7 3 0 5 7 4 4 0 3 6 1 0 1 2 5 7 5 0 1 3 6 
52, 19, 638, 962, 12, 0, 6 7 3 0 5 7 4 4 0 3 6 1 0 1 2 5 7 5 0 1 3 6 
53, 19, 646, 954, 47, 10, 6 7 3 0 5 7 4 4 0 3 6 1 0 1 2 5 7 5 0 1 3 6 
54, 19, 652, 948, 51, 10, 6 7 3 0 5 7 4 4 0 3 6 1 0 1 2 5 7 5 0 1 3 6 
55, 19, 664, 936, 51, 10, 6 7 3 0 5 7 4 4 0 3 6 1 0 1 2 5 7 5 0 1 3 6 
56, 19, 674, 926, 18, 10, 6 7 3 0 5 7 4 4 0 3 6 1 0 1 2 5 7 5 0 1 3 6 
57, 20, 684, 916, 25, 10, 6 7 3 0 5 7 4 4 0 3 6 1 0 1 2 5 7 5 0 1 3 6 
58, 21, 693, 907, 33, 10, 6 7 3 0 5 7 4 4 0 3 6 1 0 1 2 5 7 5 0 1 3 6 
59, 21, 700, 900, 51, 10, 6 7 3 0 5 7 4 4 0 3 6 1 0 1 2 5 7 5 0 1 3 6 
60, 21, 704, 896, 55, 10, 6 7 3 0 5 7 4 4 0 3 6 1 0 1 2 5 7 5 0 1 3 6 
61, 21, 710, 890, 21, 10, 6 7 3 0 5 7 4 4 0 3 6 1 0 1 2 5 7 5 0 1 3 6 
62, 22, 714, 886, 59, 10, 6 7 3 0 5 7 4 4 0 3 6 1 0 1 2 5 7 5 0 1 3 6 
63, 22, 717, 883, 52, 10, 6 7 3 0 5 7 4 4 0 3 6 1 0 1 2 5 7 5 0 1 3 6 
64, 22, 728, 872, 51, 10, 6 7 3 0 5 7 4 4 0 3 6 1 0 1 2 5 7 5 0 1 3 6 
65, 22, 733, 867, 57, 10, 6 7 3 0 5 7 4 4 0 3 6 1 0 1 2 5 7 5 0 1 3 6 
66, 22, 739, 861, 18, 10, 6 7 3 0 5 7 4 4 0 3 6 1 0 1 2 5 7 5 0 1 3 6 
67, 22, 747, 853, 56, 10, 6 7 3 0 5 7 4 4 0 3 6 1 0 1 2 5 7 5 0 1 3 6 
68, 23, 754, 846, 25, 10, 6 7 3 0 5 7 4 4 0 3 6 1 0 1 2 5 7 5 0 1 3 6 
69, 23, 756, 844, 53, 10, 6 7 3 0 5 7 4 4 0 3 6 1 0 1 2 5 7 5 0 1 3 6 
70, 24, 762, 838, 23, 10, 6 7 3 0 5 7 4 4 0 3 6 1 0 1 2 5 7 5 0 1 3 6 
71, 24, 769, 831, 50, 10, 6 7 3 0 5 7 4 4 0 3 6 1 0 1 2 5 7 5 0 1 3 6 
72, 25, 779, 821, 48, 10, 6 7 3 0 5 7 4 4 0 3 6 1 0 1 2 5 7 5 0 1 3 6 
73, 26, 788, 812, 45, 10, 6 7 3 0 5 7 4 4 0 3 6 1 0 1 2 5 7 5 0 1 3 6 
74, 27, 792, 808, 9, 10, 6 7 3 0 5 7 4 4 0 3 6 1 0 1 2 5 7 5 0 1 3 6 
75, 27, 799, 801, 12, 10, 6 7 3 0 5 7 4 4 0 3 6 1 0 1 2 5 7 5 0 1 3 6 
76, 28, 803, 797, 14, 10, 6 7 3 0 5 7 4 4 0 3 6 1 0 1 2 5 7 5 0 1 3 6 
77, 30, 809, 791, 47, 10, 6 7 3 0 5 7 4 4 0 3 6 1 0 1 2 5 7 5 0 1 3 6 
78, 31, 815, 785, 45, 10, 6 7 3 0 5 7 4 4 0 3 6 1 0 1 2 5 7 5 0 1 3 6 
79, 32, 817, 783, 35, 10, 6 7 3 0 5 7 4 4 0 3 6 1 0 1 2 5 7 5 0 1 3 6 
80, 33, 820, 780, 44, 10, 6 7 3 0 5 7 4 4 0 3 6 1 0 1 2 5 7 5 0 1 3 6 
81, 34, 824, 776, 12, 10, 6 7 3 0 5 7 4 4 0 3 6 1 0 1 2 5 7 5 0 1 3 6 
82, 34, 826, 774, 14, 10, 6 7 3 0 5 7 4 4 0 3 6 1 0 1 2 5 7 5 0 1 3 6 
83, 34, 832, 768, 36, 10, 6 7 3 0 5 7 4 4 0 3 6 1 0 1 2 5 7 5 0 1 3 6 
84, 34, 835, 765, 46, 10, 6 7 3 0 5 7 4 4 0 3 6 1 0 1 2 5 7 5 0 1 3 6 
85, 35, 837, 763, 39, 10, 6 7 3 0 5 7 4 4 0 3 6 1 0 1 2 5 7 5 0 1 3 6 
86, 36, 841, 759, 13, 10, 6 7 3 0 5 7 4 4 0 3 6 1 0 1 2 5 7 5 0 1 3 6 
87, 36, 843, 757, 42, 10, 6 7 3 0 5 7 4 4 0 3 6 1 0 1 2 5 7 5 0 1 3 6 
88, 36, 850, 750, 5, 10, 6 7 3 0 5 7 4 4 0 3 6 1 0 1 2 5 7 5 0 1 3 6 
89, 35, 850, 750, 45, 10, 6 7 3 0 5 7 4 4 0 3 6 1 0 1 2 5 7 5 0 1 3 6 
90, 35, 849, 751, 47, 10, 6 7 3 0 5 7 4 4 0 3 6 1 0 1 2 5 7 5 0 1 3 6 
91, 37, 851, 749, 16, 10, 6 7 3 0 5 7 4 4 0 3 6 1 0 1 2 5 7 5 0 1 3 6 
92, 37, 852, 748, 15, 10, 6 7 3 0 5 7 4 4 0 3 6 1 0 1 2 5 7 5 0 1 3 6 
93, 37, 849, 751, 6, 10, 6 7 3 0 5 7 4 4 0 3 6 1 0 1 2 5 7 5 0 1 3 6 
94, 38, 852, 748, 12, 10, 6 7 3 0 5 7 4 4 0 3 6 1 0 1 2 5 7 5 0 1 3 6 
95, 38, 849, 751, 21, 10, 6 7 3 0 5 7 4 4 0 3 6 1 0 1 2 5 7 5 0 1 3 6 
96, 38, 852, 748, 12, 10, 6 7 3 0 5 7 4 4 0 3 6 1 0 1 2 5 7 5 0 1 3 6 
97, 39, 847, 753, 17, 10, 6 7 3 0 5 7 4 4 0 3 6 1 0 1 2 5 7 5 0 1 3 6 
98, 39, 850, 750, 11, 10, 6 7 3 0 5 7 4 4 0 3 6 1 0 1 2 5 7 5 0 1 3 6 
99, 40, 850, 750, 40, 10, 6 7 3 0 5 7 4 4 0 3 6 1 0 1 2 5 7 5 0 1 3 6 
100, 40, 845, 755, 17, 10, 6 7 3 0 5 7 4 4 0 3 6 1 0 1 2 5 7 5 0 1 3 6 
101, 41, 848, 752, 41, 10, 6 7 3 0 5 7 4 4 0 3 6 1 0 1 2 5 7 5 0 1 3 6 
102, 41, 850, 750, 12, 10, 6 7 3 0 5 7 4 4 0 3 6 1 0 1 2 5 7 5 0 1 3 6 
103, 41, 847, 753, 49, 10, 6 7 3 0 5 7 4 4 0 3 6 1 0 1 2 5 7 5 0 1 3 6 
104, 41, 843, 757, 15, 10, 6 7 3 0 5 7 4 4 0 3 6 1 0 1 2 5 7 5 0 1 3 6 
105, 41, 845, 755, 1, 10, 6 7 3 0 5 7 4 4 0 3 6 1 0 1 2 5 7 5 0 1 3 6 
106, 42, 840, 760, 0, 10, 6 7 3 0 5 7 4 4 0 3 6 1 0 1 2 5 7 5 0 1 3 6 
107, 44, 841, 759, 17, 10, 6 7 3 0 5 7 4 4 0 3 6 1 0 1 2 5 7 5 0 1 3 6 
108, 44, 837, 763, 10, 10, 6 7 3 0 5 7 4 4 0 3 6 1 0 1 2 5 7 5 0 1 3 6 
109, 44, 831, 769, 45, 10, 6 7 3 0 5 7 4 4 0 3 6 1 0 1 2 5 7 5 0 1 3 6 
110, 44, 829, 771, 10, 10, 6 7 3 0 5 7 4 4 0 3 6 1 0 1 2 5 7 5 0 1 3 6 
111, 45, 831, 769, 12, 10, 6 7 3 0 5 7 4 4 0 3 6 1 0 1 2 5 7 5 0 1 3 6 
112, 46, 829, 771, 10, 10, 6 7 3 0 5 7 4 4 0 3 6 1 0 1 2 5 7 5 0 1 3 6 
113, 47, 830, 770, 15, 10, 6 7 3 0 5 7 4 4 0 3 6 1 0 1 2 5 7 5 0 1 3 6 
114, 49, 830, 770, 4, 10, 6 7 3 0 5 7 4 4 0 3 6 1 0 1 2 5 7 5 0 1 3 6 
115, 50, 830, 770, 11, 10, 6 7 3 0 5 7 4 4 0 3 6 1 0 1 2 5 7 5 0 1 3 