day, numberOfAnimals, numberOfGrass, numberOfEmptyTiles, averageEnergyLevel, averageLifeLength, strongestGenes, 
2, 15, 42, 1558, 20, 0, 0 4 3 0 2 2 1 6 1 4 2 6 3 4 6 7 4 2 3 7 0 1 
3, 16, 57, 1543, 18, 0, 0 4 3 0 2 2 1 6 1 4 2 6 3 4 6 7 4 2 3 7 0 1 
4, 16, 71, 1529, 17, 0, 0 4 3 0 2 2 1 6 1 4 2 6 3 4 6 7 4 2 3 7 0 1 
5, 16, 86, 1514, 16, 0, 0 4 3 0 2 2 1 6 1 4 2 6 3 4 6 7 4 2 3 7 0 1 
6, 16, 100, 1500, 16, 0, 0 4 3 0 2 2 1 6 1 4 2 6 3 4 6 7 4 2 3 7 0 1 
7, 16, 112, 1488, 15, 0, 0 4 3 0 2 2 1 6 1 4 2 6 3 4 6 7 4 2 3 7 0 1 
8, 16, 127, 1473, 15, 0, 0 4 3 0 2 2 1 6 1 4 2 6 3 4 6 7 4 2 3 7 0 1 
9, 16, 141, 1459, 14, 0, 0 4 3 0 2 2 1 6 1 4 2 6 3 4 6 7 4 2 3 7 0 1 
10, 16, 155, 1445, 13, 0, 0 4 3 0 2 2 1 6 1 4 2 6 3 4 6 7 4 2 3 7 0 1 
11, 16, 168, 1432, 18, 0, 0 4 3 0 2 2 1 6 1 4 2 6 3 4 6 7 4 2 3 7 0 1 
12, 16, 181, 1419, 12, 0, 0 4 3 0 2 2 1 6 1 4 2 6 3 4 6 7 4 2 3 7 0 1 
13, 15, 194, 1406, 12, 0, 0 4 3 0 2 2 1 6 1 4 2 6 3 4 6 7 4 2 3 7 0 1 
14, 15, 206, 1394, 12, 10, 0 4 3 0 2 2 1 6 1 4 2 6 3 4 6 7 4 2 3 7 0 1 
15, 15, 219, 1381, 11, 10, 0 4 3 0 2 2 1 6 1 4 2 6 3 4 6 7 4 2 3 7 0 1 
16, 15, 230, 1370, 16, 10, 0 4 3 0 2 2 1 6 1 4 2 6 3 4 6 7 4 2 3 7 0 1 
17, 15, 242, 1358, 10, 10, 0 4 3 0 2 2 1 6 1 4 2 6 3 4 6 7 4 2 3 7 0 1 
18, 15, 255, 1345, 9, 10, 0 4 3 0 2 2 1 6 1 4 2 6 3 4 6 7 4 2 3 7 0 1 
19, 15, 267, 1333, 14, 10, 0 4 3 0 2 2 1 6 1 4 2 6 3 4 6 7 4 2 3 7 0 1 
20, 15, 280, 1320, 8, 10, 0 4 3 0 2 2 1 6 1 4 2 6 3 4 6 7 4 2 3 7 0 1 
21, 15, 291, 1309, 18, 10, 0 4 3 0 2 2 1 6 1 4 2 6 3 4 6 7 4 2 3 7 0 1 
22, 15, 302, 1298, 12, 10, 0 4 3 0 2 2 1 6 1 4 2 6 3 4 6 7 4 2 3 7 0 1 
23, 15, 316, 1284, 11, 10, 0 4 3 0 2 2 1 6 1 4 2 6 3 4 6 7 4 2 3 7 0 1 
24, 15, 328, 1272, 10, 10, 0 4 3 0 2 2 1 6 1 4 2 6 3 4 6 7 4 2 3 7 0 1 
25, 15, 341, 1259, 10, 10, 0 4 3 0 2 2 1 6 1 4 2 6 3 4 6 7 4 2 3 7 0 1 
26, 15, 355, 1245, 9, 10, 0 4 3 0 2 2 1 6 1 4 2 6 3 4 6 7 4 2 3 7 0 1 
27, 15, 368, 1232, 24, 10, 0 4 3 0 2 2 1 6 1 4 2 6 3 4 6 7 4 2 3 7 0 1 
28, 15, 381, 1219, 24, 10, 0 4 3 0 2 2 1 6 1 4 2 6 3 4 6 7 4 2 3 7 0 1 
29, 15, 391, 1209, 23, 10, 0 4 3 0 2 2 1 6 1 4 2 6 3 4 6 7 4 2 3 7 0 1 
30, 15, 400, 1200, 22, 10, 0 4 3 0 2 2 1 6 1 4 2 6 3 4 6 7 4 2 3 7 0 1 
31, 15, 412, 1188, 16, 10, 0 4 3 0 2 2 1 6 1 4 2 6 3 4 6 7 4 2 3 7 0 1 
32, 15, 423, 1177, 26, 10, 0 4 3 0 2 2 1 6 1 4 2 6 3 4 6 7 4 2 3 7 0 1 
33, 15, 432, 1168, 26, 10, 0 4 3 0 2 2 1 6 1 4 2 6 3 4 6 7 4 2 3 7 0 1 
34, 15, 444, 1156, 25, 10, 0 4 3 0 2 2 1 6 1 4 2 6 3 4 6 7 4 2 3 7 0 1 
35, 15, 455, 1145, 8, 10, 0 4 3 0 2 2 1 6 1 4 2 6 3 4 6 7 4 2 3 7 0 1 
36, 15, 468, 1132, 13, 10, 0 4 3 0 2 2 1 6 1 4 2 6 3 4 6 7 4 2 3 7 0 1 
37, 15, 478, 1122, 12, 10, 0 4 3 0 2 2 1 6 1 4 2 6 3 4 6 7 4 2 3 7 0 1 
38, 15, 489, 1111, 22, 10, 0 4 3 0 2 2 1 6 1 4 2 6 3 4 6 7 4 2 3 7 0 1 
39, 15, 500, 1100, 54, 10, 0 4 3 0 2 2 1 6 1 4 2 6 3 4 6 7 4 2 3 7 0 1 
40, 15, 511, 1089, 16, 10, 0 4 3 0 2 2 1 6 1 4 2 6 3 4 6 7 4 2 3 7 0 1 
41, 15, 518, 1082, 58, 10, 0 4 3 0 2 2 1 6 1 4 2 6 3 4 6 7 4 2 3 7 0 1 
42, 15, 526, 1074, 25, 10, 0 4 3 0 2 2 1 6 1 4 2 6 3 4 6 7 4 2 3 7 0 1 
43, 15, 538, 1062, 35, 10, 0 4 3 0 2 2 1 6 1 4 2 6 3 4 6 7 4 2 3 7 0 1 
44, 15, 545, 1055, 40, 10, 0 4 3 0 2 2 1 6 1 4 2 6 3 4 6 7 4 2 3 7 0 1 
45, 15, 554, 1046, 12, 10, 0 4 3 0 2 2 1 6 1 4 2 6 3 4 6 7 4 2 3 7 0 1 
46, 15, 563, 1037, 49, 10, 0 4 3 0 2 2 1 6 1 4 2 6 3 4 6 7 4 2 3 7 0 1 
47, 15, 573, 1027, 22, 10, 0 4 3 0 2 2 1 6 1 4 2 6 3 4 6 7 4 2 3 7 0 1 
48, 15, 583, 1017, 48, 10, 0 4 3 0 2 2 1 6 1 4 2 6 3 4 6 7 4 2 3 7 0 1 
49, 16, 593, 1007, 54, 10, 0 4 3 0 2 2 1 6 1 4 2 6 3 4 6 7 4 2 3 7 0 1 
50, 16, 604, 996, 5, 10, 0 4 3 0 2 2 1 6 1 4 2 6 3 4 6 7 4 2 3 7 0 1 
51, 16, 614, 986, 4, 10, 0 4 3 0 2 2 1 6 1 4 2 6 3 4 6 7 4 2 3 7 0 1 
52, 16, 624, 976, 37, 10, 0 4 3 0 2 2 1 6 1 4 2 6 3 4 6 7 4 2 3 7 0 1 
53, 16, 633, 967, 56, 10, 0 4 3 0 2 2 1 6 1 4 2 6 3 4 6 7 4 2 3 7 0 1 
54, 16, 639, 961, 46, 10, 0 4 3 0 2 2 1 6 1 4 2 6 3 4 6 7 4 2 3 7 0 1 
55, 16, 649, 951, 45, 10, 0 4 3 0 2 2 1 6 1 4 2 6 3 4 6 7 4 2 3 7 0 1 
56, 16, 656, 944, 60, 10, 0 4 3 0 2 2 1 6 1 4 2 6 3 4 6 7 4 2 3 7 0 1 
57, 16, 666, 934, 69, 10, 0 4 3 0 2 2 1 6 1 4 2 6 3 4 6 7 4 2 3 7 0 1 
58, 16, 676, 924, 68, 10, 0 4 3 0 2 2 1 6 1 4 2 6 3 4 6 7 4 2 3 7 0 1 
59, 16, 683, 917, 45, 10, 0 4 3 0 2 2 1 6 1 4 2 6 3 4 6 7 4 2 3 7 0 1 
60, 16, 693, 907, 47, 10, 0 4 3 0 2 2 1 6 1 4 2 6 3 4 6 7 4 2 3 7 0 1 
61, 16, 700, 900, 44, 10, 0 4 3 0 2 2 1 6 1 4 2 6 3 4 6 7 4 2 3 7 0 1 
62, 16, 710, 890, 76, 10, 0 4 3 0 2 2 1 6 1 4 2 6 3 4 6 7 4 2 3 7 0 1 
63, 16, 716, 884, 45, 10, 0 4 3 0 2 2 1 6 1 4 2 6 3 4 6 7 4 2 3 7 0 1 
64, 16, 725, 875, 75, 10, 0 4 3 0 2 2 1 6 1 4 2 6 3 4 6 7 4 2 3 7 0 1 
65, 16, 733, 867, 79, 10, 0 4 3 0 2 2 1 6 1 4 2 6 3 4 6 7 4 2 3 7 0 1 
66, 16, 740, 860, 83, 10, 0 4 3 0 2 2 1 6 1 4 2 6 3 4 6 7 4 2 3 7 0 1 
67, 16, 748, 852, 88, 10, 0 4 3 0 2 2 1 6 1 4 2 6 3 4 6 7 4 2 3 7 0 1 
68, 16, 754, 846, 87, 10, 0 4 3 0 2 2 1 6 1 4 2 6 3 4 6 7 4 2 3 7 0 1 
69, 16, 764, 836, 91, 10, 0 4 3 0 2 2 1 6 1 4 2 6 3 4 6 7 4 2 3 7 0 1 
70, 16, 772, 828, 96, 10, 0 4 3 0 2 2 1 6 1 4 2 6 3 4 6 7 4 2 3 7 0 1 
71, 16, 781, 819, 100, 10, 0 4 3 0 2 2 1 6 1 4 2 6 3 4 6 7 4 2 3 7 0 1 
72, 16, 793, 807, 21, 10, 0 4 3 0 2 2 1 6 1 4 2 6 3 4 6 7 4 2 3 7 0 1 
72, 16, 793, 807, 21, 10, 0 4 3 0 2 2 1 6 1 4 2 6 3 4 6 7 4 2 3 7 0 1 
