day, numberOfAnimals, numberOfGrass, numberOfEmptyTiles, averageEnergyLevel, averageLifeLength, strongestGenes, 
2, 15, 42, 1558, 20, 0, 6 6 2 0 3 0 0 0 3 7 5 1 7 6 2 0 0 1 7 1 7 7 
3, 15, 56, 1544, 19, 0, 6 6 2 0 3 0 0 0 3 7 5 1 7 6 2 0 0 1 7 1 7 7 
4, 15, 71, 1529, 18, 0, 6 6 2 0 3 0 0 0 3 7 5 1 7 6 2 0 0 1 7 1 7 7 
5, 15, 86, 1514, 18, 0, 6 6 2 0 3 0 0 0 3 7 5 1 7 6 2 0 0 1 7 1 7 7 
6, 15, 100, 1500, 17, 0, 6 6 2 0 3 0 0 0 3 7 5 1 7 6 2 0 0 1 7 1 7 7 
7, 15, 115, 1485, 16, 0, 6 6 2 0 3 0 0 0 3 7 5 1 7 6 2 0 0 1 7 1 7 7 
8, 15, 128, 1472, 16, 0, 6 6 2 0 3 0 0 0 3 7 5 1 7 6 2 0 0 1 7 1 7 7 
9, 15, 143, 1457, 15, 0, 6 6 2 0 3 0 0 0 3 7 5 1 7 6 2 0 0 1 7 1 7 7 
10, 15, 157, 1443, 20, 0, 6 6 2 0 3 0 0 0 3 7 5 1 7 6 2 0 0 1 7 1 7 7 
11, 15, 168, 1432, 19, 0, 6 6 2 0 3 0 0 0 3 7 5 1 7 6 2 0 0 1 7 1 7 7 
12, 15, 182, 1418, 13, 0, 6 6 2 0 3 0 0 0 3 7 5 1 7 6 2 0 0 1 7 1 7 7 
13, 15, 195, 1405, 18, 0, 6 6 2 0 3 0 0 0 3 7 5 1 7 6 2 0 0 1 7 1 7 7 
14, 15, 208, 1392, 17, 0, 6 6 2 0 3 0 0 0 3 7 5 1 7 6 2 0 0 1 7 1 7 7 
15, 15, 221, 1379, 16, 0, 6 6 2 0 3 0 0 0 3 7 5 1 7 6 2 0 0 1 7 1 7 7 
16, 15, 236, 1364, 16, 0, 6 6 2 0 3 0 0 0 3 7 5 1 7 6 2 0 0 1 7 1 7 7 
17, 15, 250, 1350, 15, 0, 6 6 2 0 3 0 0 0 3 7 5 1 7 6 2 0 0 1 7 1 7 7 
18, 15, 262, 1338, 9, 0, 6 6 2 0 3 0 0 0 3 7 5 1 7 6 2 0 0 1 7 1 7 7 
19, 15, 273, 1327, 8, 0, 6 6 2 0 3 0 0 0 3 7 5 1 7 6 2 0 0 1 7 1 7 7 
20, 15, 286, 1314, 13, 0, 6 6 2 0 3 0 0 0 3 7 5 1 7 6 2 0 0 1 7 1 7 7 
21, 15, 300, 1300, 12, 0, 6 6 2 0 3 0 0 0 3 7 5 1 7 6 2 0 0 1 7 1 7 7 
22, 15, 313, 1287, 17, 0, 6 6 2 0 3 0 0 0 3 7 5 1 7 6 2 0 0 1 7 1 7 7 
23, 15, 324, 1276, 16, 0, 6 6 2 0 3 0 0 0 3 7 5 1 7 6 2 0 0 1 7 1 7 7 
24, 15, 339, 1261, 16, 0, 6 6 2 0 3 0 0 0 3 7 5 1 7 6 2 0 0 1 7 1 7 7 
25, 15, 347, 1253, 15, 0, 6 6 2 0 3 0 0 0 3 7 5 1 7 6 2 0 0 1 7 1 7 7 
26, 15, 361, 1239, 25, 0, 6 6 2 0 3 0 0 0 3 7 5 1 7 6 2 0 0 1 7 1 7 7 
27, 15, 374, 1226, 24, 0, 6 6 2 0 3 0 0 0 3 7 5 1 7 6 2 0 0 1 7 1 7 7 
28, 15, 389, 1211, 13, 0, 6 6 2 0 3 0 0 0 3 7 5 1 7 6 2 0 0 1 7 1 7 7 
29, 15, 401, 1199, 18, 0, 6 6 2 0 3 0 0 0 3 7 5 1 7 6 2 0 0 1 7 1 7 7 
30, 15, 413, 1187, 17, 0, 6 6 2 0 3 0 0 0 3 7 5 1 7 6 2 0 0 1 7 1 7 7 
31, 15, 424, 1176, 27, 0, 6 6 2 0 3 0 0 0 3 7 5 1 7 6 2 0 0 1 7 1 7 7 
32, 15, 437, 1163, 26, 0, 6 6 2 0 3 0 0 0 3 7 5 1 7 6 2 0 0 1 7 1 7 7 
33, 15, 446, 1154, 10, 0, 6 6 2 0 3 0 0 0 3 7 5 1 7 6 2 0 0 1 7 1 7 7 
34, 15, 454, 1146, 25, 0, 6 6 2 0 3 0 0 0 3 7 5 1 7 6 2 0 0 1 7 1 7 7 
35, 15, 466, 1134, 24, 0, 6 6 2 0 3 0 0 0 3 7 5 1 7 6 2 0 0 1 7 1 7 7 
36, 15, 475, 1125, 13, 0, 6 6 2 0 3 0 0 0 3 7 5 1 7 6 2 0 0 1 7 1 7 7 
37, 15, 482, 1118, 18, 0, 6 6 2 0 3 0 0 0 3 7 5 1 7 6 2 0 0 1 7 1 7 7 
38, 15, 493, 1107, 17, 0, 6 6 2 0 3 0 0 0 3 7 5 1 7 6 2 0 0 1 7 1 7 7 
39, 15, 504, 1096, 16, 0, 6 6 2 0 3 0 0 0 3 7 5 1 7 6 2 0 0 1 7 1 7 7 
40, 15, 515, 1085, 21, 0, 6 6 2 0 3 0 0 0 3 7 5 1 7 6 2 0 0 1 7 1 7 7 
41, 15, 527, 1073, 26, 0, 6 6 2 0 3 0 0 0 3 7 5 1 7 6 2 0 0 1 7 1 7 7 
42, 16, 539, 1061, 18, 0, 6 6 2 0 3 0 0 0 3 7 5 1 7 6 2 0 0 1 7 1 7 7 
43, 16, 549, 1051, 18, 0, 6 6 2 0 3 0 0 0 3 7 5 1 7 6 2 0 0 1 7 1 7 7 
44, 16, 559, 1041, 22, 0, 6 6 2 0 3 0 0 0 3 7 5 1 7 6 2 0 0 1 7 1 7 7 
45, 16, 570, 1030, 21, 0, 6 6 2 0 3 0 0 0 3 7 5 1 7 6 2 0 0 1 7 1 7 7 
46, 16, 582, 1018, 18, 0, 6 6 2 0 3 0 0 0 3 7 5 1 7 6 2 0 0 1 7 1 7 7 
47, 16, 593, 1007, 25, 0, 6 6 2 0 3 0 0 0 3 7 5 1 7 6 2 0 0 1 7 1 7 7 
48, 16, 602, 998, 11, 0, 6 6 2 0 3 0 0 0 3 7 5 1 7 6 2 0 0 1 7 1 7 7 
49, 16, 612, 988, 29, 0, 6 6 2 0 3 0 0 0 3 7 5 1 7 6 2 0 0 1 7 1 7 7 
50, 16, 623, 977, 20, 0, 6 6 2 0 3 0 0 0 3 7 5 1 7 6 2 0 0 1 7 1 7 7 
51, 16, 633, 967, 28, 0, 6 6 2 0 3 0 0 0 3 7 5 1 7 6 2 0 0 1 7 1 7 7 
52, 16, 641, 959, 24, 0, 6 6 2 0 3 0 0 0 3 7 5 1 7 6 2 0 0 1 7 1 7 7 
53, 16, 652, 948, 23, 0, 6 6 2 0 3 0 0 0 3 7 5 1 7 6 2 0 0 1 7 1 7 7 
54, 16, 663, 937, 21, 0, 6 6 2 0 3 0 0 0 3 7 5 1 7 6 2 0 0 1 7 1 7 7 
55, 16, 669, 931, 25, 0, 6 6 2 0 3 0 0 0 3 7 5 1 7 6 2 0 0 1 7 1 7 7 
56, 16, 677, 923, 30, 0, 6 6 2 0 3 0 0 0 3 7 5 1 7 6 2 0 0 1 7 1 7 7 
57, 16, 688, 912, 31, 0, 6 6 2 0 3 0 0 0 3 7 5 1 7 6 2 0 0 1 7 1 7 7 
58, 16, 695, 905, 28, 0, 6 6 2 0 3 0 0 0 3 7 5 1 7 6 2 0 0 1 7 1 7 7 
59, 16, 706, 894, 34, 0, 6 6 2 0 3 0 0 0 3 7 5 1 7 6 2 0 0 1 7 1 7 7 
60, 16, 711, 889, 32, 0, 6 6 2 0 3 0 0 0 3 7 5 1 7 6 2 0 0 1 7 1 7 7 
61, 16, 721, 879, 31, 0, 6 6 2 0 3 0 0 0 3 7 5 1 7 6 2 0 0 1 7 1 7 7 
62, 16, 731, 869, 43, 0, 6 6 2 0 3 0 0 0 3 7 5 1 7 6 2 0 0 1 7 1 7 7 
63, 16, 734, 866, 55, 0, 6 6 2 0 3 0 0 0 3 7 5 1 7 6 2 0 0 1 7 1 7 7 
64, 16, 744, 856, 45, 0, 6 6 2 0 3 0 0 0 3 7 5 1 7 6 2 0 0 1 7 1 7 7 
65, 16, 748, 852, 44, 0, 6 6 2 0 3 0 0 0 3 7 5 1 7 6 2 0 0 1 7 1 7 7 
66, 16, 755, 845, 68, 0, 6 6 2 0 3 0 0 0 3 7 5 1 7 6 2 0 0 1 7 1 7 7 
67, 17, 765, 835, 37, 0, 6 6 2 0 3 0 0 0 3 7 5 1 7 6 2 0 0 1 7 1 7 7 
68, 17, 771, 829, 56, 0, 6 6 2 0 3 0 0 0 3 7 5 1 7 6 2 0 0 1 7 1 7 7 
69, 17, 777, 823, 30, 0, 6 6 2 0 3 0 0 0 3 7 5 1 7 6 2 0 0 1 7 1 7 7 
70, 17, 786, 814, 29, 0, 6 6 2 0 3 0 0 0 3 7 5 1 7 6 2 0 0 1 7 1 7 7 
71, 17, 795, 805, 39, 0, 6 6 2 0 3 0 0 0 3 7 5 1 7 6 2 0 0 1 7 1 7 7 
72, 17, 804, 796, 32, 0, 6 6 2 0 3 0 0 0 3 7 5 1 7 6 2 0 0 1 7 1 7 7 
73, 17, 813, 787, 48, 0, 6 6 2 0 3 0 0 0 3 7 5 1 7 6 2 0 0 1 7 1 7 7 
74, 17, 820, 780, 64, 0, 6 6 2 0 3 0 0 0 3 7 5 1 7 6 2 0 0 1 7 1 7 7 
75, 17, 825, 775, 68, 0, 6 6 2 0 3 0 0 0 3 7 5 1 7 6 2 0 0 1 7 1 7 7 
76, 17, 835, 765, 68, 0, 6 6 2 0 3 0 0 0 3 7 5 1 7 6 2 0 0 1 7 1 7 7 
77, 17, 842, 758, 67, 0, 6 6 2 0 3 0 0 0 3 7 5 1 7 6 2 0 0 1 7 1 7 7 
78, 17, 849, 751, 67, 0, 6 6 2 0 3 0 0 0 3 7 5 1 7 6 2 0 0 1 7 1 7 7 
79, 17, 858, 742, 66, 0, 6 6 2 0 3 0 0 0 3 7 5 1 7 6 2 0 0 1 7 1 7 7 
80, 17, 869, 731, 70, 0, 6 6 2 0 3 0 0 0 3 7 5 1 7 6 2 0 0 1 7 1 7 7 
81, 17, 880, 720, 67, 0, 6 6 2 0 3 0 0 0 3 7 5 1 7 6 2 0 0 1 7 1 7 7 
82, 17, 890, 710, 66, 0, 6 6 2 0 3 0 0 0 3 7 5 1 7 6 2 0 0 1 7 1 7 7 
83, 17, 895, 705, 70, 0, 6 6 2 0 3 0 0 0 3 7 5 1 7 6 2 0 0 1 7 1 7 7 
84, 17, 901, 699, 74, 0, 6 6 2 0 3 0 0 0 3 7 5 1 7 6 2 0 0 1 7 1 7 7 
85, 17, 907, 693, 74, 0, 6 6 2 0 3 0 0 0 3 7 5 1 7 6 2 0 0 1 7 1 7 7 
86, 18, 910, 690, 65, 0, 6 6 2 0 3 0 0 0 3 7 5 1 7 6 2 0 0 1 7 1 7 7 
87, 18, 918, 682, 77, 0, 6 6 2 0 3 0 0 0 3 7 5 1 7 6 2 0 0 1 7 1 7 7 
88, 18, 920, 680, 81, 0, 6 6 2 0 3 0 0 0 3 7 5 1 7 6 2 0 0 1 7 1 7 7 
89, 18, 927, 673, 81, 0, 6 6 2 0 3 0 0 0 3 7 5 1 7 6 2 0 0 1 7 1 7 7 
90, 19, 931, 669, 80, 0, 6 6 2 0 3 0 0 0 3 7 5 1 7 6 2 0 0 1 7 1 7 7 
91, 20, 936, 664, 79, 0, 6 6 2 0 3 0 0 0 3 7 5 1 7 6 2 0 0 1 7 1 7 7 
92, 20, 939, 661, 79, 0, 6 6 2 0 3 0 0 0 3 7 5 1 7 6 2 0 0 1 7 1 7 7 
93, 21, 949, 651, 79, 0, 6 6 2 0 3 0 0 0 3 7 5 1 7 6 2 0 0 1 7 1 7 7 
94, 21, 954, 646, 82, 0, 6 6 2 0 3 0 0 0 3 7 5 1 7 6 2 0 0 1 7 1 7 7 
95, 21, 958, 642, 85, 0, 6 6 2 0 3 0 0 0 3 7 5 1 7 6 2 0 0 1 7 1 7 7 
96, 21, 962, 638, 89, 0, 6 6 2 0 3 0 0 0 3 7 5 1 7 6 2 0 0 1 7 1 7 7 
97, 22, 970, 630, 88, 0, 6 6 2 0 3 0 0 0 3 7 5 1 7 6 2 0 0 1 7 1 7 7 
98, 22, 977, 623, 87, 0, 6 6 2 0 3 0 0 0 3 7 5 1 7 6 2 0 0 1 7 1 7 7 
99, 22, 981, 619, 90, 0, 6 6 2 0 3 0 0 0 3 7 5 1 7 6 2 0 0 1 7 1 7 7 
100, 22, 989, 611, 94, 0, 6 6 2 0 3 0 0 0 3 7 5 1 7 6 2 0 0 1 7 1 7 7 
101, 22, 995, 605, 97, 0, 6 6 2 0 3 0 0 0 3 7 5 1 7 6 2 0 0 1 7 1 7 7 
102, 23, 1003, 597, 96, 0, 6 6 2 0 3 0 0 0 3 7 5 1 7 6 2 0 0 1 7 1 7 7 
103, 23, 1008, 592, 99, 0, 6 6 2 0 3 0 0 0 3 7 5 1 7 6 2 0 0 1 7 1 7 7 
104, 23, 1013, 587, 102, 0, 6 6 2 0 3 0 0 0 3 7 5 1 7 6 2 0 0 1 7 1 7 7 
105, 23, 1018, 582, 105, 0, 6 6 2 0 3 0 0 0 3 7 5 1 7 6 2 0 0 1 7 1 7 7 
106, 23, 1018, 582, 65, 0, 6 6 2 0 3 0 0 0 3 7 5 1 7 6 2 0 0 1 7 1 7 7 
107, 24, 1021, 579, 65, 0, 6 6 2 0 3 0 0 0 3 7 5 1 7 6 2 0 0 1 7 1 7 7 
108, 24, 1021, 579, 109, 0, 6 6 2 0 3 0 0 0 3 7 5 1 7 6 2 0 0 1 7 1 7 7 
109, 26, 1032, 568, 62, 0, 6 6 2 0 3 0 0 0 3 7 5 1 7 6 2 0 0 1 7 1 7 7 
110, 27, 1034, 566, 62, 0, 6 6 2 0 3 0 0 0 3 7 5 1 7 6 2 0 0 1 7 1 7 7 
111, 27, 1038, 562, 71, 0, 6 6 2 0 3 0 0 0 3 7 5 1 7 6 2 0 0 1 7 1 7 7 
112, 26, 1040, 560, 66, 0, 6 6 2 0 3 0 0 0 3 7 5 1 7 6 2 0 0 1 7 1 7 7 
113, 27, 1039, 561, 76, 10, 6 6 2 0 3 0 0 0 3 7 5 1 7 6 2 0 0 1 7 1 7 7 
114, 27, 1040, 560, 25, 10, 6 6 2 0 3 0 0 0 3 7 5 1 7 6 2 0 0 1 7 1 7 7 
115, 28, 1045, 555, 78, 10, 6 6 2 0 3 0 0 0 3 7 5 1 7 6 2 0 0 1 7 1 7 7 
116, 28, 1051, 549, 29, 10, 6 6 2 0 3 0 0 0 3 7 5 1 7 6 2 0 0 1 7 1 7 7 
117, 29, 1051, 549, 78, 10, 6 6 2 0 3 0 0 0 3 7 5 1 7 6 2 0 0 1 7 1 7 7 
118, 29, 1055, 545, 64, 10, 6 6 2 0 3 0 0 0 3 7 5 1 7 6 2 0 0 1 7 1 7 7 
119, 30, 1055, 545, 64, 10, 6 6 2 0 3 0 0 0 3 7 5 1 7 6 2 0 0 1 7 1 7 7 
120, 30, 1055, 545, 63, 10, 6 6 2 0 3 0 0 0 3 7 5 1 7 6 2 0 0 1 7 1 7 7 
121, 30, 1058, 542, 66, 10, 6 6 2 0 3 0 0 0 3 7 5 1 7 6 2 0 0 1 7 1 7 7 
122, 31, 1051, 549, 83, 10, 6 6 2 0 3 0 0 0 3 7 5 1 7 6 2 0 0 1 7 1 7 7 
123, 32, 1055, 545, 61, 10, 6 6 2 0 3 0 0 0 3 7 5 1 7 6 2 0 0 1 7 1 7 7 
124, 32, 1052, 548, 63, 10, 6 6 2 0 3 0 0 0 3 7 5 1 7 6 2 0 0 1 7 1 7 7 
125, 32, 1052, 548, 73, 10, 6 6 2 0 3 0 0 0 3 7 5 1 7 6 2 0 0 1 7 1 7 7 
126, 32, 1056, 544, 5, 10, 6 6 2 0 3 0 0 0 3 7 5 1 7 6 2 0 0 1 7 1 7 7 
127, 32, 1060, 540, 84, 10, 6 6 2 0 3 0 0 0 3 7 5 1 7 6 2 0 0 1 7 1 7 7 
128, 32, 1058, 542, 72, 10, 6 6 2 0 3 0 0 0 3 7 5 1 7 6 2 0 0 1 7 1 7 7 
129, 32, 1057, 543, 88, 10, 6 6 2 0 3 0 0 0 3 7 5 1 7 6 2 0 0 1 7 1 7 7 
130, 32, 1053, 547, 74, 10, 6 6 2 0 3 0 0 0 3 7 5 1 7 6 2 0 0 1 7 1 7 7 
131, 33, 1054, 546, 3, 10, 6 6 2 0 3 0 0 0 3 7 5 1 7 6 2 0 0 1 7 1 7 7 
132, 33, 1052, 548, 42, 10, 6 6 2 0 3 0 0 0 3 7 5 1 7 6 2 0 0 1 7 1 7 7 
133, 33, 1053, 547, 73, 10, 6 6 2 0 3 0 0 0 3 7 5 1 7 6 2 0 0 1 7 1 7 7 
