day, numberOfAnimals, numberOfGrass, numberOfEmptyTiles, averageEnergyLevel, averageLifeLength, strongestGenes, 
2, 34, 42, 108, 1, 0, 3 5 5 6 7 5 5 3 0 7 
3, 37, 52, 98, 4, 0, 3 5 5 6 7 5 5 3 0 7 
4, 38, 59, 91, 0, 0, 3 5 5 6 7 5 5 3 0 7 
5, 40, 64, 86, 1, 0, 3 5 5 6 7 5 5 3 0 7 
6, 41, 71, 79, 4, 4, 3 5 5 6 7 5 5 3 0 7 
7, 43, 76, 74, 6, 4, 3 5 5 6 7 5 5 3 0 7 
8, 46, 79, 71, 1, 4, 3 5 5 6 7 5 5 3 0 7 
9, 46, 80, 70, 1, 4, 3 5 5 6 7 5 5 3 0 7 
10, 49, 85, 65, 1, 5, 3 5 5 6 7 5 5 3 0 7 
11, 48, 84, 66, 0, 5, 3 5 5 6 7 5 5 3 0 7 
12, 49, 79, 71, 1, 6, 3 5 5 6 7 5 5 3 0 7 
13, 54, 76, 74, 1, 6, 3 5 5 6 7 5 5 3 0 7 
14, 55, 72, 78, 7, 6, 3 5 5 6 7 5 5 3 0 7 
15, 59, 62, 88, 5, 6, 3 5 5 6 7 5 5 3 0 7 
16, 62, 63, 87, 0, 6, 3 5 5 6 7 5 5 3 0 7 
17, 66, 59, 91, 0, 6, 3 5 5 6 7 5 5 3 0 7 
18, 65, 62, 88, 2, 6, 3 5 5 6 7 5 5 3 0 7 
19, 67, 58, 92, 0, 6, 3 5 5 6 7 5 5 3 0 7 
20, 71, 56, 94, 0, 6, 3 5 5 6 7 5 5 3 0 7 
21, 73, 53, 97, 0, 6, 3 5 5 6 7 5 5 3 0 7 
22, 76, 52, 98, 0, 6, 3 5 5 6 7 5 5 3 0 7 
23, 79, 57, 93, 0, 6, 3 5 5 6 7 5 5 3 0 7 
24, 78, 57, 93, 1, 6, 3 5 5 6 7 5 5 3 0 7 
25, 81, 58, 92, 0, 6, 3 5 5 6 7 5 5 3 0 7 
26, 84, 51, 99, 1, 6, 3 5 5 6 7 5 5 3 0 7 
27, 83, 43, 107, 0, 6, 3 5 5 6 7 5 5 3 0 7 
28, 82, 43, 107, 2, 7, 3 5 5 6 7 5 5 3 0 7 
29, 86, 47, 103, 0, 7, 3 5 5 6 7 5 5 3 0 7 
30, 84, 42, 108, 0, 7, 3 5 5 6 7 5 5 3 0 7 
31, 85, 39, 111, 2, 7, 3 5 5 6 7 5 5 3 0 7 
32, 81, 40, 110, 2, 7, 3 5 5 6 7 5 5 3 0 7 
33, 82, 43, 107, 1, 7, 3 5 5 6 7 5 5 3 0 7 
34, 84, 39, 111, 0, 7, 3 5 5 6 7 5 5 3 0 7 
35, 83, 40, 110, 0, 7, 3 5 5 6 7 5 5 3 0 7 
36, 85, 39, 111, 0, 7, 3 5 5 6 7 5 5 3 0 7 
37, 80, 38, 112, 0, 8, 3 5 5 6 7 5 5 3 0 7 
38, 82, 42, 108, 0, 8, 3 5 5 6 7 5 5 3 0 7 
39, 80, 40, 110, 0, 8, 3 5 5 6 7 5 5 3 0 7 
40, 87, 43, 107, 1, 8, 3 5 5 6 7 5 5 3 0 7 
41, 90, 44, 106, 1, 8, 3 5 5 6 7 5 5 3 0 7 
42, 95, 44, 106, 0, 7, 2 4 4 1 6 3 3 7 6 4 
43, 99, 41, 109, 1, 8, 2 4 4 1 6 3 3 7 6 4 
44, 93, 42, 108, 1, 8, 2 4 4 1 6 3 3 7 6 4 
45, 96, 41, 109, 0, 8, 2 4 4 1 6 3 3 7 6 4 
46, 96, 42, 108, 0, 8, 3 5 5 6 7 5 5 3 0 7 
47, 92, 39, 111, 0, 8, 3 5 5 6 7 5 5 3 0 7 
48, 92, 42, 108, 0, 7, 3 5 5 6 7 5 5 3 0 7 
49, 91, 45, 105, 2, 8, 3 5 5 6 7 5 5 3 0 7 
50, 84, 47, 103, 0, 7, 3 5 5 6 7 5 5 3 0 7 
51, 85, 48, 102, 0, 7, 3 5 5 6 7 5 5 3 0 7 
52, 83, 49, 101, 0, 7, 3 5 5 6 7 5 5 3 0 7 
53, 84, 49, 101, 0, 8, 3 5 5 6 7 5 5 3 0 7 
54, 90, 53, 97, 1, 8, 3 5 5 6 7 5 5 3 0 7 
55, 95, 46, 104, 3, 8, 3 5 5 6 7 5 5 3 0 7 
56, 98, 44, 106, 1, 8, 3 5 5 6 7 5 5 3 0 7 
57, 102, 37, 113, 0, 8, 3 5 5 6 7 5 5 3 0 7 
58, 99, 38, 112, 1, 8, 1 7 1 2 1 6 4 6 0 4 
59, 103, 42, 108, 0, 8, 3 5 5 6 7 5 5 3 0 7 
60, 93, 40, 110, 0, 8, 3 5 5 6 7 5 5 3 0 7 
61, 85, 42, 108, 0, 8, 3 5 5 6 7 5 5 3 0 7 
62, 83, 40, 110, 1, 8, 3 5 5 6 7 5 5 3 0 7 
63, 80, 46, 104, 1, 8, 3 5 5 6 7 5 5 3 0 7 
64, 78, 44, 106, 0, 8, 3 5 5 6 7 5 5 3 0 7 
65, 79, 42, 108, 4, 8, 3 5 5 6 7 5 5 3 0 7 
66, 80, 40, 110, 0, 8, 3 5 5 6 7 5 5 3 0 7 
67, 78, 42, 108, 4, 8, 3 5 5 6 7 5 5 3 0 7 
68, 81, 43, 107, 0, 9, 3 5 5 6 7 5 5 3 0 7 
69, 73, 43, 107, 1, 9, 3 5 5 6 7 5 5 3 0 7 
70, 70, 45, 105, 1, 9, 3 5 5 6 7 5 5 3 0 7 
71, 73, 53, 97, 0, 9, 3 5 5 6 7 5 5 3 0 7 
72, 80, 53, 97, 3, 9, 3 5 5 6 7 5 5 3 0 7 
73, 87, 49, 101, 0, 9, 3 5 5 6 7 5 5 3 0 7 
74, 92, 47, 103, 2, 9, 3 5 5 6 7 5 5 3 0 7 
75, 94, 43, 107, 0, 9, 2 6 3 6 5 5 4 4 5 3 
76, 95, 42, 108, 0, 9, 2 6 3 6 5 5 4 4 5 3 
77, 95, 41, 109, 0, 8, 2 6 3 6 5 5 4 4 5 3 
78, 94, 40, 110, 0, 8, 2 6 3 6 5 5 4 4 5 3 
79, 95, 42, 108, 1, 8, 3 5 5 6 7 5 5 3 0 7 
80, 91, 39, 111, 1, 8, 3 5 5 6 7 5 5 3 0 7 
81, 93, 45, 105, 2, 9, 3 5 5 6 7 5 5 3 0 7 
82, 88, 40, 110, 1, 9, 3 5 5 6 7 5 5 3 0 7 
83, 91, 39, 111, 1, 9, 3 5 5 6 7 5 5 3 0 7 
84, 93, 42, 108, 8, 9, 3 5 5 6 7 5 5 3 0 7 
85, 86, 46, 104, 0, 9, 3 5 5 6 7 5 5 3 0 7 
86, 90, 45, 105, 0, 9, 3 5 5 6 7 5 5 3 0 7 
87, 89, 40, 110, 1, 9, 3 5 5 6 7 5 5 3 0 7 
88, 92, 41, 109, 1, 9, 3 5 5 6 7 5 5 3 0 7 
89, 94, 39, 111, 0, 9, 3 5 5 6 7 5 5 3 0 7 
89, 94, 39, 111, 0, 9, 3 5 5 6 7 5 5 3 0 7 
91, 92, 38, 112, 0, 9, 3 5 5 6 7 5 5 3 0 7 
92, 92, 40, 110, 3, 9, 3 5 5 6 7 5 5 3 0 7 
93, 96, 41, 109, 2, 9, 3 5 5 6 7 5 5 3 0 7 
94, 91, 37, 113, 0, 9, 3 5 5 6 7 5 5 3 0 7 
95, 96, 38, 112, 1, 9, 3 5 5 6 7 5 5 3 0 7 
96, 96, 36, 114, 0, 9, 3 5 5 6 7 5 5 3 0 7 
97, 98, 43, 107, 0, 9, 3 5 5 6 7 5 5 3 0 7 
98, 99, 44, 106, 1, 9, 3 5 5 6 7 5 5 3 0 7 
99, 95, 41, 109, 0, 9, 3 5 5 6 7 5 5 3 0 7 
100, 87, 43, 107, 0, 9, 3 5 5 6 7 5 5 3 0 7 
101, 86, 49, 101, 1, 9, 3 5 5 6 7 5 5 3 0 7 
102, 87, 50, 100, 3, 9, 3 5 5 6 7 5 5 3 0 7 
103, 87, 44, 106, 0, 9, 3 5 5 6 7 5 5 3 0 7 
104, 88, 45, 105, 1, 9, 3 5 5 6 7 5 5 3 0 7 
105, 80, 49, 101, 2, 9, 3 5 5 6 7 5 5 3 0 7 
106, 75, 55, 95, 0, 9, 3 5 5 6 7 5 5 3 0 7 
107, 73, 56, 94, 0, 9, 3 5 5 6 7 5 5 3 0 7 
108, 73, 56, 94, 0, 9, 3 5 5 6 7 5 5 3 0 7 
109, 75, 58, 92, 1, 9, 3 5 5 6 7 5 5 3 0 7 
110, 81, 59, 91, 5, 9, 3 5 5 6 7 5 5 3 0 7 
111, 85, 52, 98, 3, 9, 3 5 5 6 7 5 5 3 0 7 
112, 89, 46, 104, 2, 9, 0 5 1 6 5 5 4 4 5 3 
113, 91, 44, 106, 0, 9, 0 5 1 6 5 5 4 4 5 3 
114, 94, 43, 107, 0, 9, 0 5 1 6 5 5 4 4 5 3 
115, 94, 42, 108, 2, 9, 0 5 1 6 5 5 4 4 5 3 
116, 97, 45, 105, 4, 9, 3 5 5 6 7 5 5 3 0 7 
117, 102, 43, 107, 0, 9, 3 5 5 6 7 5 5 3 0 7 
117, 102, 43, 107, 0, 9, 3 5 5 6 7 5 5 3 0 7 
119, 95, 36, 114, 1, 9, 3 5 5 6 7 5 5 3 0 7 
120, 99, 40, 110, 2, 9, 3 5 5 6 7 5 5 3 0 7 
121, 96, 38, 112, 1, 9, 3 5 5 6 7 5 5 3 0 7 
122, 100, 41, 109, 1, 9, 3 1 5 6 5 5 4 1 2 4 
123, 99, 42, 108, 1, 9, 3 5 5 6 7 5 5 3 0 7 
124, 95, 39, 111, 3, 9, 6 3 4 3 0 5 2 3 1 3 
125, 94, 38, 112, 1, 9, 6 3 4 3 0 5 2 3 1 3 
126, 95, 37, 113, 0, 9, 6 3 4 3 0 5 2 3 1 3 
127, 93, 41, 109, 0, 9, 6 3 4 3 0 5 2 3 1 3 
128, 87, 42, 108, 0, 9, 3 5 5 6 7 5 5 3 0 7 
129, 83, 45, 105, 2, 9, 3 5 5 6 7 5 5 3 0 7 
130, 86, 46, 104, 2, 9, 3 5 5 6 7 5 5 3 0 7 
131, 88, 44, 106, 1, 9, 3 5 5 6 7 5 5 3 0 7 
132, 88, 40, 110, 2, 9, 3 5 5 6 7 5 5 3 0 7 
133, 91, 40, 110, 1, 9, 3 5 5 6 7 5 5 3 0 7 
134, 93, 41, 109, 3, 10, 3 5 5 6 7 5 5 3 0 7 
135, 91, 41, 109, 1, 10, 6 3 4 5 0 4 6 4 3 6 
136, 96, 39, 111, 1, 10, 6 3 4 5 0 4 6 4 3 6 
137, 89, 40, 110, 1, 10, 6 3 4 5 0 4 6 4 3 6 
138, 86, 36, 114, 3, 10, 6 3 4 5 0 4 6 4 3 6 
139, 89, 39, 111, 1, 10, 1 3 3 3 0 5 4 1 2 4 
140, 87, 42, 108, 0, 10, 3 0 2 6 5 5 4 4 5 3 
141, 85, 47, 103, 0, 10, 3 0 2 6 5 5 4 4 5 3 
142, 88, 47, 103, 1, 10, 3 0 2 6 5 5 4 4 5 3 
142, 88, 47, 103, 1, 10, 3 0 2 6 5 5 4 4 5 3 
144, 78, 46, 104, 0, 10, 1 3 3 3 0 5 4 1 2 4 
145, 81, 44, 106, 1, 10, 1 3 3 3 0 5 4 1 2 4 
146, 82, 45, 105, 0, 10, 1 3 3 3 0 5 4 1 2 4 
147, 80, 42, 108, 3, 10, 1 1 6 6 7 1 0 2 0 6 
148, 83, 44, 106, 0, 10, 1 1 6 6 7 1 0 2 0 6 
149, 84, 44, 106, 3, 10, 1 1 6 6 7 1 0 2 0 6 
150, 84, 43, 107, 0, 10, 1 1 6 6 7 1 0 2 0 6 
151, 86, 40, 110, 3, 10, 4 4 7 6 5 5 4 4 5 1 
152, 86, 43, 107, 1, 10, 4 4 7 6 5 5 4 4 5 1 
153, 86, 47, 103, 3, 10, 4 4 7 6 5 5 4 4 5 1 
154, 87, 45, 105, 0, 10, 4 4 7 6 5 5 4 4 5 1 
155, 84, 45, 105, 0, 10, 4 4 7 6 5 5 4 4 5 1 
156, 83, 46, 104, 0, 10, 4 4 7 6 5 5 4 4 5 1 
157, 82, 51, 99, 3, 10, 4 4 7 6 5 5 4 4 5 1 
158, 76, 40, 110, 0, 10, 4 4 7 6 5 5 4 4 5 1 
159, 80, 40, 110, 0, 10, 4 4 7 6 5 5 4 4 5 1 
160, 79, 44, 106, 4, 10, 4 4 7 6 5 5 4 4 5 1 
161, 77, 45, 105, 0, 10, 4 4 7 6 5 5 4 4 5 1 
162, 80, 44, 106, 0, 10, 4 4 7 6 5 5 4 4 5 1 
163, 75, 44, 106, 0, 10, 4 4 7 6 5 5 4 4 5 1 
164, 79, 42, 108, 0, 10, 4 4 7 6 5 5 4 4 5 1 
165, 84, 41, 109, 4, 10, 4 4 7 6 5 5 4 4 5 1 
166, 89, 45, 105, 0, 10, 1 1 6 6 7 1 0 2 0 6 
167, 94, 41, 109, 1, 10, 1 1 6 6 7 1 0 2 0 6 
168, 96, 42, 108, 0, 10, 5 4 2 6 5 5 4 4 5 3 
169, 91, 36, 114, 2, 10, 1 1 6 6 7 1 0 2 0 6 
170, 87, 38, 112, 0, 10, 1 1 6 6 7 1 0 2 0 6 
171, 84, 41, 109, 6, 10, 1 1 6 6 7 1 0 2 0 6 
172, 83, 38, 112, 0, 10, 1 1 6 6 7 1 0 2 0 6 
173, 88, 38, 112, 4, 10, 1 1 6 6 7 1 0 2 0 6 
174, 91, 40, 110, 1, 10, 1 1 6 6 7 1 0 2 0 6 
175, 91, 43, 107, 2, 10, 1 1 6 6 7 1 0 2 0 6 
176, 98, 47, 103, 4, 10, 1 1 6 6 7 1 0 2 0 6 
177, 97, 36, 114, 0, 10, 2 2 5 6 5 5 4 4 5 3 
178, 99, 40, 110, 2, 10, 2 2 5 6 5 5 4 4 5 3 
179, 100, 41, 109, 0, 10, 2 2 5 6 5 5 4 4 5 3 
180, 95, 49, 101, 0, 10, 2 2 5 6 5 5 4 4 5 3 
181, 86, 47, 103, 1, 10, 5 6 3 6 5 5 4 4 5 3 
182, 83, 45, 105, 3, 10, 5 6 3 6 5 5 4 4 5 3 
183, 78, 50, 100, 1