day, numberOfAnimals, numberOfGrass, numberOfEmptyTiles, averageEnergyLevel, averageLifeLength, strongestGenes, 
2, 15, 42, 1558, 20, 0, 7 3 7 5 0 0 3 0 6 5 6 3 4 7 3 1 7 1 4 2 1 0 
3, 15, 57, 1543, 19, 0, 7 3 7 5 0 0 3 0 6 5 6 3 4 7 3 1 7 1 4 2 1 0 
4, 15, 72, 1528, 18, 0, 7 3 7 5 0 0 3 0 6 5 6 3 4 7 3 1 7 1 4 2 1 0 
5, 15, 87, 1513, 18, 0, 7 3 7 5 0 0 3 0 6 5 6 3 4 7 3 1 7 1 4 2 1 0 
6, 15, 101, 1499, 17, 0, 7 3 7 5 0 0 3 0 6 5 6 3 4 7 3 1 7 1 4 2 1 0 
7, 15, 115, 1485, 16, 0, 7 3 7 5 0 0 3 0 6 5 6 3 4 7 3 1 7 1 4 2 1 0 
8, 15, 129, 1471, 16, 0, 7 3 7 5 0 0 3 0 6 5 6 3 4 7 3 1 7 1 4 2 1 0 
9, 15, 142, 1458, 15, 0, 7 3 7 5 0 0 3 0 6 5 6 3 4 7 3 1 7 1 4 2 1 0 
10, 15, 155, 1445, 20, 0, 7 3 7 5 0 0 3 0 6 5 6 3 4 7 3 1 7 1 4 2 1 0 
11, 16, 168, 1432, 18, 0, 7 3 7 5 0 0 3 0 6 5 6 3 4 7 3 1 7 1 4 2 1 0 
12, 17, 183, 1417, 11, 0, 7 3 7 5 0 0 3 0 6 5 6 3 4 7 3 1 7 1 4 2 1 0 
13, 17, 198, 1402, 11, 0, 7 3 7 5 0 0 3 0 6 5 6 3 4 7 3 1 7 1 4 2 1 0 
14, 17, 212, 1388, 10, 0, 7 3 7 5 0 0 3 0 6 5 6 3 4 7 3 1 7 1 4 2 1 0 
15, 17, 226, 1374, 10, 0, 7 3 7 5 0 0 3 0 6 5 6 3 4 7 3 1 7 1 4 2 1 0 
16, 17, 237, 1363, 18, 0, 7 3 7 5 0 0 3 0 6 5 6 3 4 7 3 1 7 1 4 2 1 0 
17, 17, 248, 1352, 18, 0, 7 3 7 5 0 0 3 0 6 5 6 3 4 7 3 1 7 1 4 2 1 0 
18, 17, 260, 1340, 17, 0, 7 3 7 5 0 0 3 0 6 5 6 3 4 7 3 1 7 1 4 2 1 0 
19, 17, 270, 1330, 17, 0, 7 3 7 5 0 0 3 0 6 5 6 3 4 7 3 1 7 1 4 2 1 0 
20, 17, 281, 1319, 25, 0, 7 3 7 5 0 0 3 0 6 5 6 3 4 7 3 1 7 1 4 2 1 0 
21, 17, 294, 1306, 25, 0, 7 3 7 5 0 0 3 0 6 5 6 3 4 7 3 1 7 1 4 2 1 0 
22, 16, 307, 1293, 26, 0, 7 3 7 5 0 0 3 0 6 5 6 3 4 7 3 1 7 1 4 2 1 0 
24, 16, 332, 1268, 20, 10, 7 3 7 5 0 0 3 0 6 5 6 3 4 7 3 1 7 1 4 2 1 0 
24, 16, 332, 1268, 20, 10, 7 3 7 5 0 0 3 0 6 5 6 3 4 7 3 1 7 1 4 2 1 0 
25, 16, 343, 1257, 14, 10, 7 3 7 5 0 0 3 0 6 5 6 3 4 7 3 1 7 1 4 2 1 0 
26, 16, 357, 1243, 18, 10, 7 3 7 5 0 0 3 0 6 5 6 3 4 7 3 1 7 1 4 2 1 0 
27, 16, 366, 1234, 8, 10, 7 3 7 5 0 0 3 0 6 5 6 3 4 7 3 1 7 1 4 2 1 0 
28, 16, 378, 1222, 7, 10, 7 3 7 5 0 0 3 0 6 5 6 3 4 7 3 1 7 1 4 2 1 0 
29, 16, 389, 1211, 6, 10, 7 3 7 5 0 0 3 0 6 5 6 3 4 7 3 1 7 1 4 2 1 0 
30, 16, 399, 1201, 6, 10, 7 3 7 5 0 0 3 0 6 5 6 3 4 7 3 1 7 1 4 2 1 0 
31, 16, 408, 1192, 5, 10, 7 3 7 5 0 0 3 0 6 5 6 3 4 7 3 1 7 1 4 2 1 0 
32, 16, 417, 1183, 5, 10, 7 3 7 5 0 0 3 0 6 5 6 3 4 7 3 1 7 1 4 2 1 0 
33, 16, 428, 1172, 19, 10, 7 3 7 5 0 0 3 0 6 5 6 3 4 7 3 1 7 1 4 2 1 0 
34, 16, 437, 1163, 18, 10, 7 3 7 5 0 0 3 0 6 5 6 3 4 7 3 1 7 1 4 2 1 0 
35, 16, 445, 1155, 33, 10, 7 3 7 5 0 0 3 0 6 5 6 3 4 7 3 1 7 1 4 2 1 0 
36, 16, 455, 1145, 32, 10, 7 3 7 5 0 0 3 0 6 5 6 3 4 7 3 1 7 1 4 2 1 0 
37, 16, 465, 1135, 21, 10, 7 3 7 5 0 0 3 0 6 5 6 3 4 7 3 1 7 1 4 2 1 0 
38, 16, 476, 1124, 21, 10, 7 3 7 5 0 0 3 0 6 5 6 3 4 7 3 1 7 1 4 2 1 0 
39, 16, 488, 1112, 15, 10, 7 3 7 5 0 0 3 0 6 5 6 3 4 7 3 1 7 1 4 2 1 0 
40, 16, 501, 1099, 25, 10, 7 3 7 5 0 0 3 0 6 5 6 3 4 7 3 1 7 1 4 2 1 0 
41, 16, 513, 1087, 39, 10, 7 3 7 5 0 0 3 0 6 5 6 3 4 7 3 1 7 1 4 2 1 0 
42, 16, 525, 1075, 23, 10, 7 3 7 5 0 0 3 0 6 5 6 3 4 7 3 1 7 1 4 2 1 0 
43, 16, 535, 1065, 28, 10, 7 3 7 5 0 0 3 0 6 5 6 3 4 7 3 1 7 1 4 2 1 0 
44, 16, 548, 1052, 7, 10, 7 3 7 5 0 0 3 0 6 5 6 3 4 7 3 1 7 1 4 2 1 0 
45, 16, 555, 1045, 6, 10, 7 3 7 5 0 0 3 0 6 5 6 3 4 7 3 1 7 1 4 2 1 0 
46, 16, 565, 1035, 31, 10, 7 3 7 5 0 0 3 0 6 5 6 3 4 7 3 1 7 1 4 2 1 0 
47, 16, 576, 1024, 5, 10, 7 3 7 5 0 0 3 0 6 5 6 3 4 7 3 1 7 1 4 2 1 0 
48, 16, 587, 1013, 45, 10, 7 3 7 5 0 0 3 0 6 5 6 3 4 7 3 1 7 1 4 2 1 0 
49, 16, 594, 1006, 44, 10, 7 3 7 5 0 0 3 0 6 5 6 3 4 7 3 1 7 1 4 2 1 0 
50, 16, 605, 995, 28, 10, 7 3 7 5 0 0 3 0 6 5 6 3 4 7 3 1 7 1 4 2 1 0 
51, 17, 615, 985, 26, 10, 7 3 7 5 0 0 3 0 6 5 6 3 4 7 3 1 7 1 4 2 1 0 
52, 18, 623, 977, 28, 10, 7 3 7 5 0 0 3 0 6 5 6 3 4 7 3 1 7 1 4 2 1 0 
53, 18, 635, 965, 8, 10, 7 3 7 5 0 0 3 0 6 5 6 3 4 7 3 1 7 1 4 2 1 0 
54, 18, 646, 954, 5, 10, 7 3 7 5 0 0 3 0 6 5 6 3 4 7 3 1 7 1 4 2 1 0 
55, 18, 656, 944, 7, 10, 7 3 7 5 0 0 3 0 6 5 6 3 4 7 3 1 7 1 4 2 1 0 
56, 18, 664, 936, 37, 10, 7 3 7 5 0 0 3 0 6 5 6 3 4 7 3 1 7 1 4 2 1 0 
57, 18, 673, 927, 10, 10, 7 3 7 5 0 0 3 0 6 5 6 3 4 7 3 1 7 1 4 2 1 0 
58, 18, 684, 916, 14, 10, 7 3 7 5 0 0 3 0 6 5 6 3 4 7 3 1 7 1 4 2 1 0 
59, 18, 693, 907, 51, 10, 7 3 7 5 0 0 3 0 6 5 6 3 4 7 3 1 7 1 4 2 1 0 
60, 18, 697, 903, 13, 10, 7 3 7 5 0 0 3 0 6 5 6 3 4 7 3 1 7 1 4 2 1 0 
61, 18, 705, 895, 12, 10, 7 3 7 5 0 0 3 0 6 5 6 3 4 7 3 1 7 1 4 2 1 0 
62, 18, 710, 890, 12, 10, 7 3 7 5 0 0 3 0 6 5 6 3 4 7 3 1 7 1 4 2 1 0 
63, 18, 719, 881, 12, 10, 7 3 7 5 0 0 3 0 6 5 6 3 4 7 3 1 7 1 4 2 1 0 
64, 19, 725, 875, 21, 10, 7 3 7 5 0 0 3 0 6 5 6 3 4 7 3 1 7 1 4 2 1 0 
65, 19, 737, 863, 11, 10, 7 3 7 5 0 0 3 0 6 5 6 3 4 7 3 1 7 1 4 2 1 0 
66, 19, 744, 856, 7, 10, 7 3 7 5 0 0 3 0 6 5 6 3 4 7 3 1 7 1 4 2 1 0 
67, 19, 751, 849, 61, 10, 7 3 7 5 0 0 3 0 6 5 6 3 4 7 3 1 7 1 4 2 1 0 
68, 19, 759, 841, 61, 10, 7 3 7 5 0 0 3 0 6 5 6 3 4 7 3 1 7 1 4 2 1 0 
69, 19, 766, 834, 64, 10, 7 3 7 5 0 0 3 0 6 5 6 3 4 7 3 1 7 1 4 2 1 0 
70, 19, 775, 825, 64, 10, 7 3 7 5 0 0 3 0 6 5 6 3 4 7 3 1 7 1 4 2 1 0 
71, 19, 782, 818, 9, 10, 7 3 7 5 0 0 3 0 6 5 6 3 4 7 3 1 7 1 4 2 1 0 
72, 19, 788, 812, 12, 10, 7 3 7 5 0 0 3 0 6 5 6 3 4 7 3 1 7 1 4 2 1 0 
73, 19, 795, 805, 71, 10, 7 3 7 5 0 0 3 0 6 5 6 3 4 7 3 1 7 1 4 2 1 0 
74, 19, 804, 796, 19, 10, 7 3 7 5 0 0 3 0 6 5 6 3 4 7 3 1 7 1 4 2 1 0 
75, 19, 808, 792, 19, 10, 7 3 7 5 0 0 3 0 6 5 6 3 4 7 3 1 7 1 4 2 1 0 
76, 19, 816, 784, 14, 10, 7 3 7 5 0 0 3 0 6 5 6 3 4 7 3 1 7 1 4 2 1 0 
77, 19, 823, 777, 14, 10, 7 3 7 5 0 0 3 0 6 5 6 3 4 7 3 1 7 1 4 2 1 0 
78, 19, 834, 766, 18, 10, 7 3 7 5 0 0 3 0 6 5 6 3 4 7 3 1 7 1 4 2 1 0 
79, 19, 844, 756, 17, 10, 7 3 7 5 0 0 3 0 6 5 6 3 4 7 3 1 7 1 4 2 1 0 
80, 19, 852, 748, 21, 10, 7 3 7 5 0 0 3 0 6 5 6 3 4 7 3 1 7 1 4 2 1 0 
81, 19, 861, 739, 75, 10, 7 3 7 5 0 0 3 0 6 5 6 3 4 7 3 1 7 1 4 2 1 0 
82, 19, 867, 733, 74, 10, 7 3 7 5 0 0 3 0 6 5 6 3 4 7 3 1 7 1 4 2 1 0 
83, 19, 871, 729, 74, 10, 7 3 7 5 0 0 3 0 6 5 6 3 4 7 3 1 7 1 4 2 1 0 
84, 19, 879, 721, 15, 10, 7 3 7 5 0 0 3 0 6 5 6 3 4 7 3 1 7 1 4 2 1 0 
85, 19, 884, 716, 77, 10, 7 3 7 5 0 0 3 0 6 5 6 3 4 7 3 1 7 1 4 2 1 0 
86, 19, 891, 709, 38, 10, 7 3 7 5 0 0 3 0 6 5 6 3 4 7 3 1 7 1 4 2 1 0 
87, 19, 897, 703, 42, 10, 7 3 7 5 0 0 3 0 6 5 6 3 4 7 3 1 7 1 4 2 1 0 
88, 19, 905, 695, 17, 10, 7 3 7 5 0 0 3 0 6 5 6 3 4 7 3 1 7 1 4 2 1 0 
89, 19, 911, 689, 87, 10, 7 3 7 5 0 0 3 0 6 5 6 3 4 7 3 1 7 1 4 2 1 0 
90, 19, 918, 682, 137, 10, 7 3 7 5 0 0 3 0 6 5 6 3 4 7 3 1 7 1 4 2 1 0 
91, 19, 924, 676, 24, 10, 7 3 7 5 0 0 3 0 6 5 6 3 4 7 3 1 7 1 4 2 1 0 
92, 19, 928, 672, 98, 10, 7 3 7 5 0 0 3 0 6 5 6 3 4 7 3 1 7 1 4 2 1 0 
93, 19, 931, 669, 27, 10, 7 3 7 5 0 0 3 0 6 5 6 3 4 7 3 1 7 1 4 2 1 0 
94, 19, 942, 658, 26, 10, 7 3 7 5 0 0 3 0 6 5 6 3 4 7 3 1 7 1 4 2 1 0 
95, 19, 944, 656, 47, 10, 7 3 7 5 0 0 3 0 6 5 6 3 4 7 3 1 7 1 4 2 1 0 
96, 19, 953, 647, 46, 10, 7 3 7 5 0 0 3 0 6 5 6 3 4 7 3 1 7 1 4 2 1 0 
97, 19, 960, 640, 50, 10, 7 3 7 5 0 0 3 0 6 5 6 3 4 7 3 1 7 1 4 2 1 0 
98, 20, 967, 633, 47, 10, 7 3 7 5 0 0 3 0 6 5 6 3 4 7 3 1 7 1 4 2 1 0 
99, 21, 973, 627, 40, 10, 7 3 7 5 0 0 3 0 6 5 6 3 4 7 3 1 7 1 4 2 1 0 
100, 21, 979, 621, 104, 10, 7 3 7 5 0 0 3 0 6 5 6 3 4 7 3 1 7 1 4 2 1 0 
101, 21, 990, 610, 43, 10, 7 3 7 5 0 0 3 0 6 5 6 3 4 7 3 1 7 1 4 2 1 0 
102, 21, 996, 604, 31, 10, 7 3 7 5 0 0 3 0 6 5 6 3 4 7 3 1 7 1 4 2 1 0 
103, 21, 1003, 597, 50, 10, 7 3 7 5 0 0 3 0 6 5 6 3 4 7 3 1 7 1 4 2 1 0 
104, 21, 1012, 588, 102, 10, 7 3 7 5 0 0 3 0 6 5 6 3 4 7 3 1 7 1 4 2 1 0 
105, 21, 1017, 583, 49, 10, 7 3 7 5 0 0 3 0 6 5 6 3 4 7 3 1 7 1 4 2 1 0 
106, 21, 1022, 578, 101, 10, 7 3 7 5 0 0 3 0 6 5 6 3 4 7 3 1 7 1 4 2 1 0 
107, 21, 1028, 572, 105, 10, 7 3 7 5 0 0 3 0 6 5 6 3 4 7 3 1 7 1 4 2 1 0 
108, 21, 1037, 563, 93, 10, 7 3 7 5 0 0 3 0 6 5 6 3 4 7 3 1 7 1 4 2 1 0 
109, 22, 1041, 559, 95, 10, 7 3 7 5 0 0 3 0 6 5 6 3 4 7 3 1 7 1 4 2 1 0 
110, 22, 1047, 553, 88, 10, 7 3 7 5 0 0 3 0 6 5 6 3 4 7 3 1 7 1 4 2 1 0 
111, 23, 1052, 548, 92, 10, 7 3 7 5 0 0 3 0 6 5 6 3 4 7 3 1 7 1 4 2 1 0 
112, 23, 1058, 542, 93, 10, 7 3 7 5 0 0 3 0 6 5 6 3 4 7 3 1 7 1 4 2 1 0 
113, 23, 1063, 537, 93, 10, 7 3 7 5 0 0 3 0 6 5 6 3 4 7 3 1 7 1 4 2 1 0 
114, 23, 1067, 533, 54, 10, 7 3 7 5 0 0 3 0 6 5 6 3 4 7 3 1 7 1 4 2 1 0 
115, 23, 1071, 529, 99,