day, numberOfAnimals, numberOfGrass, numberOfEmptyTiles, averageEnergyLevel, averageLifeLength, strongestGenes, 
2, 15, 41, 1559, 20, 0, 7 4 0 3 7 1 5 2 0 7 6 0 6 3 3 3 0 4 6 0 2 5 
3, 15, 56, 1544, 19, 0, 7 4 0 3 7 1 5 2 0 7 6 0 6 3 3 3 0 4 6 0 2 5 
4, 15, 71, 1529, 18, 0, 7 4 0 3 7 1 5 2 0 7 6 0 6 3 3 3 0 4 6 0 2 5 
5, 15, 86, 1514, 18, 0, 7 4 0 3 7 1 5 2 0 7 6 0 6 3 3 3 0 4 6 0 2 5 
6, 15, 101, 1499, 17, 0, 7 4 0 3 7 1 5 2 0 7 6 0 6 3 3 3 0 4 6 0 2 5 
7, 15, 115, 1485, 16, 0, 7 4 0 3 7 1 5 2 0 7 6 0 6 3 3 3 0 4 6 0 2 5 
8, 15, 129, 1471, 16, 0, 7 4 0 3 7 1 5 2 0 7 6 0 6 3 3 3 0 4 6 0 2 5 
9, 15, 143, 1457, 15, 0, 7 4 0 3 7 1 5 2 0 7 6 0 6 3 3 3 0 4 6 0 2 5 
10, 15, 157, 1443, 14, 0, 7 4 0 3 7 1 5 2 0 7 6 0 6 3 3 3 0 4 6 0 2 5 
11, 15, 170, 1430, 14, 0, 7 4 0 3 7 1 5 2 0 7 6 0 6 3 3 3 0 4 6 0 2 5 
12, 15, 183, 1417, 13, 0, 7 4 0 3 7 1 5 2 0 7 6 0 6 3 3 3 0 4 6 0 2 5 
13, 15, 198, 1402, 12, 0, 7 4 0 3 7 1 5 2 0 7 6 0 6 3 3 3 0 4 6 0 2 5 
14, 15, 213, 1387, 12, 0, 7 4 0 3 7 1 5 2 0 7 6 0 6 3 3 3 0 4 6 0 2 5 
15, 15, 228, 1372, 11, 0, 7 4 0 3 7 1 5 2 0 7 6 0 6 3 3 3 0 4 6 0 2 5 
16, 15, 242, 1358, 10, 0, 7 4 0 3 7 1 5 2 0 7 6 0 6 3 3 3 0 4 6 0 2 5 
17, 16, 256, 1344, 9, 0, 7 4 0 3 7 1 5 2 0 7 6 0 6 3 3 3 0 4 6 0 2 5 
18, 16, 269, 1331, 8, 0, 7 4 0 3 7 1 5 2 0 7 6 0 6 3 3 3 0 4 6 0 2 5 
19, 16, 283, 1317, 8, 0, 7 4 0 3 7 1 5 2 0 7 6 0 6 3 3 3 0 4 6 0 2 5 
20, 17, 298, 1302, 7, 0, 7 4 0 3 7 1 5 2 0 7 6 0 6 3 3 3 0 4 6 0 2 5 
21, 17, 312, 1288, 6, 0, 7 4 0 3 7 1 5 2 0 7 6 0 6 3 3 3 0 4 6 0 2 5 
22, 17, 326, 1274, 16, 0, 7 4 0 3 7 1 5 2 0 7 6 0 6 3 3 3 0 4 6 0 2 5 
23, 17, 339, 1261, 15, 0, 7 4 0 3 7 1 5 2 0 7 6 0 6 3 3 3 0 4 6 0 2 5 
24, 17, 353, 1247, 4, 0, 7 4 0 3 7 1 5 2 0 7 6 0 6 3 3 3 0 4 6 0 2 5 
25, 17, 365, 1235, 4, 0, 7 4 0 3 7 1 5 2 0 7 6 0 6 3 3 3 0 4 6 0 2 5 
26, 17, 377, 1223, 12, 0, 7 4 0 3 7 1 5 2 0 7 6 0 6 3 3 3 0 4 6 0 2 5 
27, 17, 388, 1212, 12, 0, 7 4 0 3 7 1 5 2 0 7 6 0 6 3 3 3 0 4 6 0 2 5 
28, 17, 402, 1198, 11, 0, 7 4 0 3 7 1 5 2 0 7 6 0 6 3 3 3 0 4 6 0 2 5 
29, 17, 414, 1186, 11, 0, 7 4 0 3 7 1 5 2 0 7 6 0 6 3 3 3 0 4 6 0 2 5 
30, 17, 424, 1176, 10, 0, 7 4 0 3 7 1 5 2 0 7 6 0 6 3 3 3 0 4 6 0 2 5 
31, 17, 437, 1163, 10, 0, 7 4 0 3 7 1 5 2 0 7 6 0 6 3 3 3 0 4 6 0 2 5 
32, 16, 448, 1152, 10, 0, 7 4 0 3 7 1 5 2 0 7 6 0 6 3 3 3 0 4 6 0 2 5 
33, 15, 458, 1142, 10, 32, 7 4 0 3 7 1 5 2 0 7 6 0 6 3 3 3 0 4 6 0 2 5 
34, 15, 466, 1134, 14, 32, 7 4 0 3 7 1 5 2 0 7 6 0 6 3 3 3 0 4 6 0 2 5 
35, 15, 478, 1122, 14, 32, 7 4 0 3 7 1 5 2 0 7 6 0 6 3 3 3 0 4 6 0 2 5 
36, 15, 488, 1112, 18, 32, 7 4 0 3 7 1 5 2 0 7 6 0 6 3 3 3 0 4 6 0 2 5 
37, 15, 497, 1103, 18, 32, 7 4 0 3 7 1 5 2 0 7 6 0 6 3 3 3 0 4 6 0 2 5 
38, 14, 508, 1092, 18, 32, 7 4 0 3 7 1 5 2 0 7 6 0 6 3 3 3 0 4 6 0 2 5 
39, 14, 517, 1083, 17, 27, 7 4 0 3 7 1 5 2 0 7 6 0 6 3 3 3 0 4 6 0 2 5 
40, 14, 530, 1070, 28, 27, 7 4 0 3 7 1 5 2 0 7 6 0 6 3 3 3 0 4 6 0 2 5 
41, 14, 542, 1058, 27, 27, 7 4 0 3 7 1 5 2 0 7 6 0 6 3 3 3 0 4 6 0 2 5 
42, 14, 553, 1047, 15, 27, 7 4 0 3 7 1 5 2 0 7 6 0 6 3 3 3 0 4 6 0 2 5 
43, 14, 565, 1035, 15, 27, 7 4 0 3 7 1 5 2 0 7 6 0 6 3 3 3 0 4 6 0 2 5 
44, 14, 576, 1024, 14, 27, 7 4 0 3 7 1 5 2 0 7 6 0 6 3 3 3 0 4 6 0 2 5 
45, 14, 587, 1013, 13, 27, 7 4 0 3 7 1 5 2 0 7 6 0 6 3 3 3 0 4 6 0 2 5 
46, 14, 595, 1005, 12, 27, 7 4 0 3 7 1 5 2 0 7 6 0 6 3 3 3 0 4 6 0 2 5 
47, 14, 607, 993, 12, 27, 7 4 0 3 7 1 5 2 0 7 6 0 6 3 3 3 0 4 6 0 2 5 
48, 14, 616, 984, 34, 27, 7 4 0 3 7 1 5 2 0 7 6 0 6 3 3 3 0 4 6 0 2 5 
49, 14, 626, 974, 33, 27, 7 4 0 3 7 1 5 2 0 7 6 0 6 3 3 3 0 4 6 0 2 5 
50, 14, 638, 962, 32, 27, 7 4 0 3 7 1 5 2 0 7 6 0 6 3 3 3 0 4 6 0 2 5 
51, 14, 647, 953, 32, 27, 7 4 0 3 7 1 5 2 0 7 6 0 6 3 3 3 0 4 6 0 2 5 
52, 14, 660, 940, 31, 27, 7 4 0 3 7 1 5 2 0 7 6 0 6 3 3 3 0 4 6 0 2 5 
53, 14, 671, 929, 47, 27, 7 4 0 3 7 1 5 2 0 7 6 0 6 3 3 3 0 4 6 0 2 5 
54, 14, 685, 915, 47, 27, 7 4 0 3 7 1 5 2 0 7 6 0 6 3 3 3 0 4 6 0 2 5 
55, 14, 694, 906, 52, 27, 7 4 0 3 7 1 5 2 0 7 6 0 6 3 3 3 0 4 6 0 2 5 
56, 14, 706, 894, 51, 27, 7 4 0 3 7 1 5 2 0 7 6 0 6 3 3 3 0 4 6 0 2 5 
57, 14, 716, 884, 50, 27, 7 4 0 3 7 1 5 2 0 7 6 0 6 3 3 3 0 4 6 0 2 5 
58, 15, 726, 874, 46, 27, 7 4 0 3 7 1 5 2 0 7 6 0 6 3 3 3 0 4 6 0 2 5 
59, 15, 737, 863, 30, 27, 7 4 0 3 7 1 5 2 0 7 6 0 6 3 3 3 0 4 6 0 2 5 
60, 15, 749, 851, 29, 27, 7 4 0 3 7 1 5 2 0 7 6 0 6 3 3 3 0 4 6 0 2 5 
61, 16, 761, 839, 31, 27, 7 4 0 3 7 1 5 2 0 7 6 0 6 3 3 3 0 4 6 0 2 5 
62, 16, 773, 827, 41, 27, 7 4 0 3 7 1 5 2 0 7 6 0 6 3 3 3 0 4 6 0 2 5 
62, 16, 773, 827, 41, 27, 7 4 0 3 7 1 5 2 0 7 6 0 6 3 3 3 0 4 6 0 2 5 
