day, numberOfAnimals, numberOfGrass, numberOfEmptyTiles, averageEnergyLevel, averageLifeLength, strongestGenes, 
2, 33, 42, 108, 3, 0, 2 7 5 1 0 7 1 4 4 7 
3, 34, 53, 97, 2, 0, 2 7 5 1 0 7 1 4 4 7 
4, 37, 58, 92, 2, 0, 2 7 5 1 0 7 1 4 4 7 
5, 41, 60, 90, 0, 0, 2 7 5 1 0 7 1 4 4 7 
6, 45, 65, 85, 1, 0, 2 7 5 1 0 7 1 4 4 7 
7, 48, 64, 86, 1, 4, 2 7 5 1 0 7 1 4 4 7 
8, 50, 67, 83, 0, 4, 2 7 5 1 0 7 1 4 4 7 
9, 53, 69, 81, 0, 4, 2 7 5 1 0 7 1 4 4 7 
10, 54, 65, 85, 1, 4, 2 7 5 1 0 7 1 4 4 7 
11, 59, 69, 81, 1, 5, 2 7 5 1 0 7 1 4 4 7 
12, 63, 67, 83, 0, 5, 2 7 5 1 0 7 1 4 4 7 
13, 66, 64, 86, 1, 5, 2 7 5 1 0 7 1 4 4 7 
14, 65, 58, 92, 1, 5, 2 7 5 1 0 7 1 4 4 7 
15, 67, 56, 94, 1, 6, 2 7 5 1 0 7 1 4 4 7 
16, 71, 57, 93, 1, 5, 2 7 5 1 0 7 1 4 4 7 
17, 78, 53, 97, 0, 5, 2 7 5 1 0 7 1 4 4 7 
18, 83, 47, 103, 3, 5, 2 7 5 1 0 7 1 4 4 7 
19, 89, 46, 104, 1, 6, 2 7 5 1 0 7 1 4 4 7 
20, 92, 42, 108, 0, 5, 2 7 5 1 0 7 1 4 4 7 
21, 91, 41, 109, 0, 6, 2 7 5 1 0 7 1 4 4 7 
22, 88, 43, 107, 2, 6, 2 7 5 1 0 7 1 4 4 7 
23, 79, 42, 108, 1, 6, 4 4 4 6 2 7 3 2 7 4 
24, 82, 44, 106, 1, 6, 4 4 4 6 2 7 3 2 7 4 
25, 84, 44, 106, 1, 6, 4 4 4 6 2 7 3 2 7 4 
26, 80, 48, 102, 0, 6, 4 4 4 6 2 7 3 2 7 4 
27, 83, 50, 100, 0, 6, 4 4 4 6 2 7 3 2 7 4 
28, 87, 48, 102, 0, 6, 4 4 4 6 2 7 3 2 7 4 
29, 88, 46, 104, 3, 7, 4 4 4 6 2 7 3 2 7 4 
30, 86, 47, 103, 0, 6, 4 4 4 6 2 7 3 2 7 4 
31, 84, 45, 105, 0, 7, 4 4 4 6 2 7 3 2 7 4 
32, 83, 42, 108, 0, 7, 4 4 4 6 2 7 3 2 7 4 
33, 80, 40, 110, 2, 6, 4 4 4 6 2 7 3 2 7 4 
34, 84, 38, 112, 0, 7, 4 4 4 6 2 7 3 2 7 4 
35, 87, 42, 108, 2, 7, 4 4 4 6 2 7 3 2 7 4 
36, 90, 46, 104, 2, 7, 4 4 4 6 2 7 3 2 7 4 
37, 91, 45, 105, 0, 7, 4 4 4 6 2 7 3 2 7 4 
38, 88, 45, 105, 0, 8, 4 4 4 6 2 7 3 2 7 4 
39, 92, 45, 105, 0, 8, 4 4 4 6 2 7 3 2 7 4 
40, 92, 41, 109, 0, 8, 4 4 4 6 2 7 3 2 7 4 
41, 95, 45, 105, 0, 8, 4 4 4 6 2 7 3 2 7 4 
42, 94, 42, 108, 1, 8, 4 4 4 6 2 7 3 2 7 4 
43, 96, 43, 107, 0, 8, 4 4 4 6 2 7 3 2 7 4 
44, 93, 48, 102, 0, 8, 4 4 4 6 2 7 3 2 7 4 
45, 88, 47, 103, 0, 8, 4 4 4 6 2 7 3 2 7 4 
46, 87, 47, 103, 5, 8, 4 4 4 6 2 7 3 2 7 4 
47, 84, 49, 101, 1, 8, 4 4 4 6 2 7 3 2 7 4 
48, 82, 45, 105, 1, 8, 4 4 4 6 2 7 3 2 7 4 
49, 86, 49, 101, 1, 8, 4 4 4 6 2 7 3 2 7 4 
50, 89, 47, 103, 0, 8, 4 4 4 6 2 7 3 2 7 4 
51, 96, 44, 106, 1, 8, 3 6 2 3 7 1 5 5 3 2 
52, 100, 40, 110, 0, 8, 3 6 2 3 7 1 5 5 3 2 
53, 103, 42, 108, 0, 9, 3 6 2 3 7 1 5 5 3 2 
54, 103, 40, 110, 1, 8, 3 6 2 3 7 1 5 5 3 2 
55, 105, 40, 110, 0, 8, 4 4 4 6 2 7 3 2 7 4 
56, 99, 40, 110, 0, 8, 4 4 4 6 2 7 3 2 7 4 
57, 94, 46, 104, 0, 8, 4 4 4 6 2 7 3 2 7 4 
58, 94, 48, 102, 0, 8, 4 4 4 6 2 7 3 2 7 4 
59, 92, 43, 107, 0, 8, 4 4 4 6 2 7 3 2 7 4 
60, 90, 37, 113, 2, 8, 4 4 4 6 2 7 3 2 7 4 
61, 89, 42, 108, 0, 8, 4 4 4 6 2 7 3 2 7 4 
62, 88, 41, 109, 1, 8, 4 4 4 6 2 7 3 2 7 4 
63, 89, 43, 107, 1, 8, 4 4 4 6 2 7 3 2 7 4 
64, 86, 45, 105, 0, 8, 4 4 4 6 2 7 3 2 7 4 
65, 85, 47, 103, 1, 8, 4 4 4 6 2 7 3 2 7 4 
66, 85, 41, 109, 4, 9, 4 4 4 6 2 7 3 2 7 4 
67, 86, 40, 110, 1, 8, 4 4 4 6 2 7 3 2 7 4 
68, 89, 42, 108, 0, 8, 4 4 4 6 2 7 3 2 7 4 
69, 89, 44, 106, 0, 8, 4 4 4 6 2 7 3 2 7 4 
70, 87, 49, 101, 0, 8, 4 4 4 6 2 7 3 2 7 4 
71, 86, 44, 106, 0, 9, 4 4 4 6 2 7 3 2 7 4 
72, 87, 41, 109, 0, 9, 4 4 4 6 2 7 3 2 7 4 
73, 86, 45, 105, 2, 9, 4 4 4 6 2 7 3 2 7 4 
74, 89, 37, 113, 1, 9, 4 4 4 6 2 7 3 2 7 4 
75, 89, 34, 116, 1, 9, 4 4 4 6 2 7 3 2 7 4 
76, 90, 32, 118, 0, 9, 4 4 4 6 2 7 3 2 7 4 
77, 95, 37, 113, 2, 9, 4 4 4 6 2 7 3 2 7 4 
78, 95, 37, 113, 3, 9, 4 4 4 6 2 7 3 2 7 4 
79, 91, 40, 110, 0, 9, 4 4 4 6 2 7 3 2 7 4 
80, 95, 39, 111, 0, 9, 4 4 4 6 2 7 3 2 7 4 
81, 85, 37, 113, 0, 9, 4 4 4 6 2 7 3 2 7 4 
82, 87, 41, 109, 0, 9, 4 4 4 6 2 7 3 2 7 4 
83, 88, 44, 106, 0, 9, 4 4 4 6 2 7 3 2 7 4 
84, 85, 44, 106, 0, 9, 4 4 4 6 2 7 3 2 7 4 
85, 84, 44, 106, 2, 9, 4 4 4 6 2 7 3 2 7 4 
86, 82, 45, 105, 0, 9, 4 4 4 6 2 7 3 2 7 4 
87, 83, 41, 109, 2, 9, 4 4 4 6 2 7 3 2 7 4 
88, 81, 44, 106, 0, 9, 4 4 4 6 2 7 3 2 7 4 
89, 83, 46, 104, 0, 9, 4 4 4 6 2 7 3 2 7 4 
90, 78, 45, 105, 1, 9, 4 4 4 6 2 7 3 2 7 4 
91, 75, 47, 103, 0, 9, 4 4 4 6 2 7 3 2 7 4 
92, 73, 48, 102, 0, 9, 4 4 4 6 2 7 3 2 7 4 
93, 71, 46, 104, 1, 9, 4 4 4 6 2 7 3 2 7 4 
94, 73, 48, 102, 1, 9, 4 4 4 6 2 7 3 2 7 4 
95, 74, 48, 102, 1, 9, 4 4 4 6 2 7 3 2 7 4 
96, 69, 49, 101, 0, 9, 4 4 4 6 2 7 3 2 7 4 
97, 65, 49, 101, 0, 9, 4 4 4 6 2 7 3 2 7 4 
98, 62, 55, 95, 1, 9, 4 4 4 6 2 7 3 2 7 4 
99, 65, 52, 98, 1, 9, 4 4 4 6 2 7 3 2 7 4 
100, 66, 48, 102, 1, 9, 4 4 4 6 2 7 3 2 7 4 
101, 68, 48, 102, 4, 9, 4 4 4 6 2 7 3 2 7 4 
102, 69, 47, 103, 1, 9, 4 4 4 6 2 7 3 2 7 4 
103, 73, 46, 104, 0, 9, 4 4 4 6 2 7 3 2 7 4 
104, 73, 44, 106, 4, 10, 4 4 4 6 2 7 3 2 7 4 
105, 72, 46, 104, 2, 10, 4 4 4 6 2 7 3 2 7 4 
106, 77, 47, 103, 4, 10, 4 4 4 6 2 7 3 2 7 4 
107, 82, 51, 99, 2, 10, 4 4 4 6 2 7 3 2 7 4 
108, 89, 49, 101, 1, 10, 4 4 4 6 2 7 3 2 7 4 
109, 92, 46, 104, 0, 10, 4 4 4 6 2 7 3 2 7 4 
110, 93, 42, 108, 0, 10, 4 4 4 6 2 7 3 2 7 4 
111, 91, 44, 106, 0, 10, 4 4 4 6 2 7 3 2 7 4 
112, 90, 46, 104, 3, 10, 4 4 4 6 2 7 3 2 7 4 
113, 92, 44, 106, 1, 10, 4 4 4 6 2 7 3 2 7 4 
114, 95, 42, 108, 0, 10, 4 4 4 6 2 7 3 2 7 4 
115, 95, 39, 111, 0, 10, 4 4 4 6 2 7 3 2 7 4 
116, 98, 41, 109, 0, 10, 4 4 4 6 2 7 3 2 7 4 
117, 92, 45, 105, 4, 10, 4 4 4 6 2 7 3 2 7 4 
118, 87, 46, 104, 4, 10, 4 4 4 6 2 7 3 2 7 4 
119, 81, 45, 105, 8, 10, 4 4 4 6 2 7 3 2 7 4 
