2, 15, 42, 1558, 20, 0, 5 5 4 1 6 4 7 4 7 1 7 6 5 0 2 7 0 4 7 7 5 1 
3, 15, 57, 1543, 19, 0, 5 5 4 1 6 4 7 4 7 1 7 6 5 0 2 7 0 4 7 7 5 1 
4, 15, 70, 1530, 18, 0, 5 5 4 1 6 4 7 4 7 1 7 6 5 0 2 7 0 4 7 7 5 1 
5, 15, 85, 1515, 18, 0, 5 5 4 1 6 4 7 4 7 1 7 6 5 0 2 7 0 4 7 7 5 1 
6, 15, 100, 1500, 17, 0, 5 5 4 1 6 4 7 4 7 1 7 6 5 0 2 7 0 4 7 7 5 1 
7, 15, 115, 1485, 16, 0, 5 5 4 1 6 4 7 4 7 1 7 6 5 0 2 7 0 4 7 7 5 1 
8, 15, 130, 1470, 16, 0, 5 5 4 1 6 4 7 4 7 1 7 6 5 0 2 7 0 4 7 7 5 1 
9, 15, 145, 1455, 15, 0, 5 5 4 1 6 4 7 4 7 1 7 6 5 0 2 7 0 4 7 7 5 1 
10, 15, 160, 1440, 14, 0, 5 5 4 1 6 4 7 4 7 1 7 6 5 0 2 7 0 4 7 7 5 1 
11, 15, 174, 1426, 14, 0, 5 5 4 1 6 4 7 4 7 1 7 6 5 0 2 7 0 4 7 7 5 1 
12, 15, 188, 1412, 13, 0, 5 5 4 1 6 4 7 4 7 1 7 6 5 0 2 7 0 4 7 7 5 1 
13, 15, 202, 1398, 12, 0, 5 5 4 1 6 4 7 4 7 1 7 6 5 0 2 7 0 4 7 7 5 1 
14, 15, 216, 1384, 12, 0, 5 5 4 1 6 4 7 4 7 1 7 6 5 0 2 7 0 4 7 7 5 1 
14, 15, 216, 1384, 12, 0, 5 5 4 1 6 4 7 4 7 1 7 6 5 0 2 7 0 4 7 7 5 1 
