day, numberOfAnimals, numberOfGrass, numberOfEmptyTiles, averageEnergyLevel, averageLifeLength, strongestGenes, 
2, 33, 42, 108, 4, 0, 5 5 1 2 2 7 4 5 2 6 
3, 35, 56, 94, 3, 0, 5 5 1 2 2 7 4 5 2 6 
4, 37, 58, 92, 3, 0, 5 5 1 2 2 7 4 5 2 6 
5, 40, 64, 86, 3, 0, 5 5 1 2 2 7 4 5 2 6 
6, 45, 68, 82, 4, 0, 5 5 1 2 2 7 4 5 2 6 
7, 50, 73, 77, 4, 0, 5 5 1 2 2 7 4 5 2 6 
8, 52, 76, 74, 2, 4, 5 5 1 2 2 7 4 5 2 6 
9, 54, 76, 74, 3, 6, 5 5 1 2 2 7 4 5 2 6 
10, 57, 75, 75, 3, 5, 5 5 1 2 2 7 4 5 2 6 
11, 56, 68, 82, 3, 6, 5 5 1 2 2 7 4 5 2 6 
12, 59, 69, 81, 1, 6, 5 5 1 2 2 7 4 5 2 6 
13, 66, 70, 80, 1, 6, 5 5 1 2 2 7 4 5 2 6 
14, 70, 72, 78, 1, 6, 5 5 1 2 2 7 4 5 2 6 
15, 71, 67, 83, 1, 6, 5 5 1 2 2 7 4 5 2 6 
16, 71, 56, 94, 1, 6, 5 5 1 2 2 7 4 5 2 6 
17, 77, 55, 95, 4, 6, 5 5 1 2 2 7 4 5 2 6 
18, 77, 55, 95, 3, 6, 5 5 1 2 2 7 4 5 2 6 
19, 83, 57, 93, 0, 6, 5 5 1 2 2 7 4 5 2 6 
20, 81, 50, 100, 1, 6, 5 5 1 2 2 7 4 5 2 6 
21, 80, 47, 103, 1, 7, 5 5 1 2 2 7 4 5 2 6 
22, 85, 48, 102, 0, 7, 5 5 1 2 2 7 4 5 2 6 
23, 90, 49, 101, 2, 7, 5 5 1 2 2 7 4 5 2 6 
24, 93, 49, 101, 0, 7, 5 5 1 2 2 7 4 5 2 6 
25, 87, 48, 102, 2, 7, 5 5 1 2 2 7 4 5 2 6 
26, 86, 47, 103, 0, 7, 5 5 1 2 2 7 4 5 2 6 
27, 85, 44, 106, 0, 7, 5 5 1 2 2 7 4 5 2 6 
28, 83, 44, 106, 1, 7, 5 5 1 2 2 7 4 5 2 6 
29, 84, 42, 108, 3, 7, 5 5 1 2 2 7 4 5 2 6 
30, 87, 45, 105, 2, 7, 5 5 1 2 2 7 4 5 2 6 
31, 94, 42, 108, 1, 7, 5 5 1 2 2 7 4 5 2 6 
32, 100, 39, 111, 3, 7, 5 5 1 2 2 7 4 5 2 6 
33, 104, 38, 112, 0, 7, 5 5 1 2 2 7 4 5 2 6 
34, 102, 41, 109, 1, 7, 5 5 1 2 2 7 4 5 2 6 
35, 96, 40, 110, 0, 8, 5 5 1 2 2 7 4 5 2 6 
36, 93, 38, 112, 1, 8, 5 5 1 2 2 7 4 5 2 6 
37, 92, 39, 111, 1, 8, 5 5 1 2 2 7 4 5 2 6 
38, 92, 36, 114, 0, 8, 5 5 1 2 2 7 4 5 2 6 
38, 92, 36, 114, 0, 8, 5 5 1 2 2 7 4 5 2 6 
40, 98, 36, 114, 0, 8, 5 5 1 2 2 7 4 5 2 6 
41, 96, 34, 116, 1, 8, 5 5 1 2 2 7 4 5 2 6 
42, 97, 32, 118, 0, 8, 4 3 5 5 2 5 1 0 6 6 
43, 97, 36, 114, 0, 8, 4 3 5 5 2 5 1 0 6 6 
44, 97, 40, 110, 0, 8, 4 3 5 5 2 5 1 0 6 6 
45, 101, 39, 111, 1, 8, 4 3 5 5 2 5 1 0 6 6 
46, 104, 38, 112, 0, 8, 5 5 1 2 2 7 4 5 2 6 
47, 104, 39, 111, 0, 9, 5 5 1 2 2 7 4 5 2 6 
48, 103, 39, 111, 0, 9, 5 5 1 2 2 7 4 5 2 6 
49, 88, 44, 106, 0, 9, 5 5 1 2 2 7 4 5 2 6 
50, 78, 45, 105, 0, 9, 5 5 1 2 2 7 4 5 2 6 
51, 76, 47, 103, 1, 9, 0 1 1 7 3 0 0 0 6 6 
52, 80, 45, 105, 0, 9, 0 1 1 7 3 0 0 0 6 6 
53, 81, 48, 102, 0, 9, 0 1 1 7 3 0 0 0 6 6 
54, 79, 44, 106, 0, 9, 0 1 1 7 3 0 0 0 6 6 
55, 83, 46, 104, 0, 10, 0 6 2 4 2 3 7 3 7 6 
56, 82, 43, 107, 0, 9, 0 6 2 4 2 3 7 3 7 6 
57, 82, 48, 102, 4, 9, 2 3 5 2 2 7 4 3 2 5 
58, 84, 49, 101, 0, 9, 2 3 5 2 2 7 4 3 2 5 
59, 85, 44, 106, 0, 9, 2 3 5 2 2 7 4 3 2 5 
60, 91, 40, 110, 1, 9, 2 3 5 2 2 7 4 3 2 5 
61, 92, 42, 108, 0, 9, 2 3 5 2 2 7 4 3 2 5 
62, 96, 40, 110, 0, 9, 2 3 5 2 2 7 4 3 2 5 
63, 93, 43, 107, 0, 9, 2 3 5 2 2 7 4 3 2 5 
64, 93, 43, 107, 0, 9, 0 6 2 4 2 3 7 3 7 6 
65, 88, 45, 105, 2, 9, 0 6 2 4 2 3 7 3 7 6 
66, 86, 42, 108, 0, 10, 0 6 2 4 2 3 7 3 7 6 
67, 82, 38, 112, 0, 9, 0 6 2 4 2 3 7 3 7 6 
68, 80, 39, 111, 1, 9, 0 6 2 4 2 3 7 3 7 6 
69, 84, 43, 107, 0, 10, 0 6 2 4 2 3 7 3 7 6 
70, 82, 41, 109, 0, 10, 0 6 2 4 2 3 7 3 7 6 
71, 84, 36, 114, 0, 9, 0 6 2 4 2 3 7 3 7 6 
72, 86, 35, 115, 0, 9, 0 6 2 4 2 3 7 3 7 6 
73, 84, 35, 115, 0, 9, 0 6 2 4 2 3 7 3 7 6 
74, 83, 36, 114, 2, 10, 0 6 2 4 2 3 7 3 7 6 
75, 82, 36, 114, 2, 10, 1 2 4 5 0 5 1 7 7 5 
76, 82, 40, 110, 1, 10, 1 2 4 5 0 5 1 7 7 5 
77, 78, 47, 103, 2, 10, 1 2 4 5 0 5 1 7 7 5 
78, 81, 46, 104, 2, 10, 1 2 4 5 0 5 1 7 7 5 
79, 77, 41, 109, 2, 10, 1 2 4 5 0 5 1 7 7 5 
80, 75, 45, 105, 1, 10, 1 2 4 5 0 5 1 7 7 5 
81, 78, 48, 102, 0, 10, 1 2 4 5 0 5 1 7 7 5 
82, 73, 44, 106, 3, 10, 1 2 4 5 0 5 1 7 7 5 
83, 73, 47, 103, 4, 10, 1 2 4 5 0 5 1 7 7 5 
84, 73, 45, 105, 2, 10, 1 2 4 5 0 5 1 7 7 5 
85, 72, 45, 105, 0, 10, 1 2 4 5 0 5 1 7 7 5 
86, 76, 47, 103, 1, 10, 1 2 4 5 0 5 1 7 7 5 
87, 78, 45, 105, 3, 10, 1 2 4 5 0 5 1 7 7 5 
88, 78, 43, 107, 0, 10, 1 2 4 5 0 5 1 7 7 5 
89, 87, 40, 110, 2, 10, 1 2 4 5 0 5 1 7 7 5 
90, 90, 38, 112, 4, 10, 1 2 4 5 0 5 1 7 7 5 
91, 95, 39, 111, 0, 10, 1 2 4 5 0 5 1 7 7 5 
92, 98, 39, 111, 1, 10, 1 2 4 5 0 5 1 7 7 5 
93, 94, 40, 110, 0, 10, 1 2 4 5 0 5 1 7 7 5 
94, 95, 40, 110, 0, 10, 1 2 4 5 0 5 1 7 7 5 
95, 92, 46, 104, 2, 9, 1 2 4 5 0 5 1 7 7 5 
96, 91, 43, 107, 0, 9, 1 2 4 5 0 5 1 7 7 5 
97, 88, 42, 108, 0, 10, 7 4 1 5 4 2 6 0 4 3 
98, 89, 43, 107, 2, 10, 7 4 1 5 4 2 6 0 4 3 
99, 89, 45, 105, 0, 10, 7 4 1 5 4 2 6 0 4 3 
100, 85, 48, 102, 0, 10, 7 4 1 5 4 2 6 0 4 3 
101, 82, 46, 104, 1, 10, 7 4 1 5 4 2 6 0 4 3 
102, 77, 44, 106, 0, 10, 7 4 1 5 4 2 6 0 4 3 
103, 79, 48, 102, 1, 10, 7 4 1 5 4 2 6 0 4 3 
104, 77, 47, 103, 0, 10, 7 4 1 5 4 2 6 0 4 3 
105, 82, 46, 104, 1, 10, 7 4 1 5 4 2 6 0 4 3 
106, 81, 45, 105, 0, 10, 7 4 1 5 4 2 6 0 4 3 
107, 82, 45, 105, 0, 10, 7 4 1 5 4 2 6 0 4 3 
108, 83, 44, 106, 0, 10, 7 4 1 5 4 2 6 0 4 3 
109, 88, 43, 107, 1, 10, 7 4 1 5 4 2 6 0 4 3 
110, 90, 42, 108, 0, 10, 7 4 1 5 4 2 6 0 4 3 
111, 88, 40, 110, 0, 10, 7 4 1 5 4 2 6 0 4 3 
112, 88, 39, 111, 0, 10, 3 7 6 5 5 2 6 5 2 6 
113, 87, 37, 113, 2, 10, 3 7 6 5 5 2 6 5 2 6 
114, 95, 42, 108, 0, 10, 3 7 6 5 5 2 6 5 2 6 
115, 96, 43, 107, 0, 10, 3 7 6 5 5 2 6 5 2 6 
116, 94, 38, 112, 1, 10, 7 4 1 5 4 2 6 0 4 3 
116, 94, 38, 112, 1, 10, 7 4 1 5 4 2 6 0 4 3 
118, 92, 45, 105, 0, 10, 7 4 1 5 4 2 6 0 4 3 
119, 86, 42, 108, 0, 10, 7 4 1 5 4 2 6 0 4 3 
120, 84, 41, 109, 0, 10, 7 4 1 5 4 2 6 0 4 3 
121, 85, 42, 108, 0, 10, 7 4 1 5 4 2 6 0 4 3 
122, 85, 42, 108, 0, 10, 7 4 1 5 4 2 6 0 4 3 
123, 84, 41, 109, 0, 10, 7 4 1 5 4 2 6 0 4 3 
124, 83, 42, 108, 2, 10, 7 4 1 5 4 2 6 0 4 3 
125, 81, 46, 104, 0, 10, 7 4 1 5 4 2 6 0 4 3 
126, 81, 44, 106, 3, 10, 7 4 1 5 4 2 6 0 4 3 
127, 84, 47, 103, 7, 10, 7 4 1 5 4 2 6 0 4 3 
128, 86, 48, 102, 0, 10, 7 4 1 5 4 2 6 0 4 3 
129, 87, 47, 103, 0, 10, 7 4 5 5 4 2 6 7 7 5 
130, 87, 48, 102, 0, 10, 7 4 5 5 4 2 6 7 7 5 
131, 78, 45, 105, 2, 10, 7 4 5 5 4 2 6 7 7 5 
132, 74, 44, 106, 1, 10, 7 4 5 5 4 2 6 7 7 5 
133, 73, 46, 104, 0, 10, 7 4 5 5 4 2 6 7 7 5 
134, 71, 47, 103, 0, 10, 7 4 5 5 4 2 6 7 7 5 
135, 71, 45, 105, 0, 10, 7 4 5 5 4 2 6 7 7 5 
136, 69, 46, 104, 0, 10, 7 4 5 5 4 2 6 7 7 5 
137, 74, 47, 103, 2, 10, 4 6 3 2 2 7 4 5 2 6 
138, 78, 47, 103, 1, 10, 4 6 3 2 2 7 4 5 2 6 
139, 83, 44, 106, 1, 10, 4 6 3 2 2 7 4 5 2 6 
140, 83, 43, 107, 0, 10, 4 6 3 2 2 7 4 5 2 6 
141, 85, 46, 104, 3, 10, 7 4 5 5 4 2 6 7 7 5 
142, 88, 47, 103, 0, 10, 7 4 5 5 4 2 6 7 7 5 
143, 87, 43, 107, 2, 10, 7 4 5 5 4 2 6 7 7 5 
144, 89, 43, 107, 1, 10, 7 4 5 5 4 2 6 7 7 5 
145, 87, 45, 105, 0, 10, 7 4 5 5 4 2 6 7 7 5 
146, 90, 41, 109, 1, 10, 7 4 5 5 4 2 6 7 7 5 
147, 92, 40, 110, 2, 10, 7 4 5 5 4 2 6 7 7 5 
148, 94, 44, 106, 2, 10, 7 4 5 5 4 2 6 7 7 5 
149, 94, 48, 102, 0, 10, 7 4 5 5 4 2 6 7 7 5 
150, 89, 49, 101, 5, 10, 7 4 5 5 4 2 6 7 7 5 
151, 94, 43, 107, 0, 10, 7 4 5 5 4 2 6 7 7 5 
152, 93, 40, 110, 0, 10, 7 4 5 5 4 2 6 7 7 5 
153, 97, 46, 104, 1, 10, 7 4 5 5 4 2 6 7 7 5 
154, 99, 47, 103, 2, 10, 1 5 2 2 2 7 4 7 4 3 
155, 107, 46, 104, 0, 10, 1 5 2 2 2 7 4 7 4 3 
156, 107, 44, 106, 0, 10, 1 5 2 2 2 7 4 7 4 3 
157, 104, 40, 110, 0, 10, 3 4 5 2 2 7 4 5 2 6 
158, 109, 40, 110, 1, 10, 4 7 3 2 2 7 1 5 2 6 
159, 99, 44, 106, 1, 10, 4 7 3 2 2 7 1 5 2 6 
160, 90, 48, 102, 0, 10, 4 7 3 2 2 7 1 5 2 6 
161, 85, 45, 105, 1, 10, 4 7 3 2 2 7 1 5 2 6 
162, 77, 44, 106, 0, 10, 1 5 2 2 2 7 4 7 4 3 
163, 74, 40, 110, 4, 10, 1 5 2 2 2 7 4 7 4 3 
164, 73, 42, 108, 2, 10, 1 5 2 2 2 7 4 7 4 3 
165, 80, 44, 106, 0, 10, 1 5 2 2 2 7 4 7 4 3 
166, 82, 42, 108, 5, 10, 1 5 2 2 2 7 4 7 4 3 
167, 80, 46, 104, 0, 10, 1 5 2 2 2 7 4 7 4 3 
168, 78, 46, 104, 1, 10, 1 5 2 2 2 7 4 7 4 3 
169, 79, 46, 104, 0, 10, 1 5 2 2 2 7 4 7 4 3 
170, 78, 46, 104, 0, 10, 1 5 2 2 2 7 4 7 4 3 
171, 77, 46, 104, 0, 10, 1 5 2 2 2 7 4 7 4 3 
172, 78, 42, 108, 0, 10, 1 5 2 2 2 7 4 7 4 3 
173, 80, 40, 110, 1, 10, 2 4 3 4 2 3 7 6 2 0 
174, 80, 43, 107, 0, 10, 2 4 3 4 2 3 7 6 2 0 
175, 82, 43, 107, 0, 10, 2 4 3 4 2 3 7 6 2 0 
176, 84, 39, 111, 1, 10, 2 4 3 4 2 3 7 6 2 0 
177, 80, 41, 109, 1, 10, 2 4 3 4 2 3 7 6 2 0 
178, 82, 40, 110, 1, 10, 2 4 3 4 2 3 7 6 2 0 
179, 83, 40, 110, 2, 10, 2 4 3 4 2 3 7 6 2 0 
180, 85, 41, 109, 0, 10, 2 4 3 4 2 3 7 6 2 0 
181, 89, 40, 110, 0, 10, 2 4 3 4 2 3 7 6 2 0 
182, 91, 40, 110, 2, 10, 4 6 4 5 0 5 1 5 6 6 
183, 87, 42, 108, 1, 10, 4 6 4 5 0 5 1 5 6 6 
184, 78, 37, 113, 4, 10, 4 6 4 5 0 5 1 5 6 6 
185, 76, 40, 110, 2, 11, 4 6 4 5 0 5 1 5 6 6 
186, 72, 40, 110, 0, 11, 2 4 3 4 2 3 7 6 2 0 
187, 75, 39, 111, 0, 11, 2 4 3 4 2 3 7 6 2 0 
188, 78, 45, 105, 0, 11, 2 4 3 4 2 3 7 6 2 0 
189, 86, 45, 105, 1, 11, 2 4 3 4 2 3 7 6 2 0 
190, 93, 42, 108, 0, 11, 2 4 3 4 2 3 7 6 2 0 
191, 91, 41, 109, 0, 11, 2 4 3 4 2 3 7 6 2 0 
192, 92, 46, 104, 4, 11, 2 4 3 4 2 3 7 6 2 0 
193, 88, 50, 100, 0, 11, 2 4 3 4 2 3 7 6 2 0 
194, 80, 48, 102, 2, 11, 2 4 3 4 2 3 7 6 2 0 
195, 82, 43, 107, 0, 11, 2 4 3 4 2 3 7 6 2 0 
196, 80, 46, 104, 0, 11, 2 4 3 4 2 3 7 6 2 0 
197, 82, 47, 103, 0, 10, 2 4 3 4 2 3 7 6 2 0 
198, 85, 47, 103, 0, 10, 2 4 3 4 2 3 7 6 2 0 
199, 81, 46, 104, 0, 11, 2 4 3 4 2 3 7 6 2 0 
200, 84, 46, 104, 0, 11, 2 4 3 4 2 3 7 6 2 0 
201, 89, 51, 99, 0, 11, 2 4 3 4 2 3 7 6 2 0 
202, 87, 43, 107, 0, 11, 2 4 3 4 2 3 7 6 2 0 
203, 83, 42, 108, 1, 11, 2 4 3 4 2 3 7 6 2 0 
204, 83, 41, 109, 0, 10, 2 4 3 4 2 3 7 6 2 0 
205, 82, 44, 106, 1, 10, 2 4 3 4 2 3 7 6 2 0 
206, 83, 45, 105, 0, 10, 2 4 3 4 2 3 7 6 2 0 
207, 85, 42, 108, 0, 10, 2 4 3 4 2 3 7 6 2 0 
208, 85, 42, 108, 0, 10, 2 4 3 4 2 3 7 6 2 0 
209, 91, 46, 104, 1, 10, 2 4 3 4 2 3 7 6 2 0 
210, 94, 40, 110, 1, 10, 2 4 3 4 2 3 7 6 2 0 
211, 95, 41, 109, 1, 10, 2 4 3 4 2 3 7 6 2 0 
212, 93, 37, 113, 1, 10, 2 4 3 4 2 3 7 6 2 0 
213, 93, 44, 106, 1, 11, 2 4 3 4 2 3 7 6 2 0 
214, 88, 37, 113, 0, 11, 2 4 3 4 2 3 7 6 2 0 
215, 86, 38, 112, 3, 10, 2 4 3 4 2 3 7 6 2 0 
216, 90, 46, 104, 0, 10, 2 4 3 4 2 3 7 6 2 0 
217, 93, 48, 102, 0, 11, 4 2 5 5 2 3 5 5 7 5 
218, 96, 48, 102, 0, 11, 3 5 0 2 2 7 4 5 2 6 
219, 89, 40, 110, 1, 11, 3 5 0 2 2 7 4 5 2 6 
220, 84, 41, 109, 1, 11, 3 5 0 2 2 7 4 5 2 6 
221, 82, 42, 108, 4, 10, 3 5 0 2 2 7 4 5 2 6 
222, 84, 41, 109, 0, 10, 4 2 5 5 2 3 5 5 7 5 
223, 82, 43, 107, 0, 10, 4 2 5 5 2 3 5 5 7 5 
225, 79, 45, 105, 0, 10, 4 2 5 5 2 3 5 5 7 5 
225, 79, 45, 105, 0, 10, 4 2 5 5 2 3 5 5 7 5 
226, 78, 47, 103, 0, 10, 4 2 5 5 2 3 5 5 7 5 
227, 84, 47, 103, 1, 10, 4 2 5 5 2 3 5 5 7 5 
228, 89, 46, 104, 0, 10, 4 2 5 5 2 3 5 5 7 5 
229, 91, 43, 107, 0, 10, 4 2 5 5 2 3 5 5 7 5 
230, 94, 33, 117, 2, 10, 4 3 6 2 2 7 4 7 4 3 
231, 90, 40, 110, 2, 10, 4 2 5 5 2 3 5 5 7 5 
232, 82, 40, 110, 0, 10, 4 2 5 5 2 3 5 5 7 5 
233, 84, 42, 108, 0, 10, 4 2 5 5 2 3 5 5 7 5 
235, 79, 42, 108, 0, 11, 3 6 0 2 2 7 4 7 4 3 
235, 79, 42, 108, 0, 11, 3 6 0 2 2 7 4 7 4 3 
236, 83, 42, 108, 0, 10, 3 6 0 2 2 7 4 7 4 3 
237, 82, 44, 106, 1, 10, 3 6 0 2 2 7 4 7 4 3 
238, 82, 42, 108, 0, 10, 3 6 0 2 2 7 4 7 4 3 
239, 83, 43, 107, 0, 10, 3 6 0 2 2 7 4 7 4 3 
240, 82, 40, 110, 1, 10, 3 6 0 2 2 7 4 7 4 3 
242, 85, 40, 110, 1, 11, 3 6 0 2 2 7 4 7 4 3 
242, 85, 40, 110, 1, 11, 3 6 0 2 2 7 4 7 4 3 
243, 80, 39, 111, 1, 11, 3 6 0 2 2 7 4 7 4 3 
244, 82, 39, 111, 0, 11, 3 6 0 2 2 7 4 7 4 3 
245, 80, 40, 110, 0, 11, 3 6 0 2 2 7 4 7 4 3 
246, 88, 44, 106, 0, 10, 3 6 0 2 2 7 4 7 4 3 
248, 96, 36, 114, 1, 11, 5 5 0 5 4 2 6 5 2 6 
248, 96, 36, 114, 1, 11, 5 5 0 5 4 2 6 5 2 6 
249, 97, 41, 109, 0, 11, 5 5 0 5 4 2 6 5 2 6 
250, 99, 39, 111, 0, 10, 4 2 5 5 2 3 5 5 7 5 
251, 101, 36, 114, 0, 10, 4 2 5 5 2 3 5 5 7 5 
252, 98, 40, 110, 3, 10, 4 2 5 5 2 3 5 5 7 5 
254, 97, 36, 114, 0, 10, 4 2 5 5 2 3 5 5 7 5 
254, 97, 36, 114, 0, 10, 4 2 5 5 2 3 5 5 7 5 
255, 97, 36, 114, 3, 11, 4 2 5 5 2 3 5 5 7 5 
256, 93, 32, 118, 0, 10, 4 2 5 5 2 3 5 5 7 5 
257, 90, 36, 114, 2, 10, 4 2 5 5 2 3 5 5 7 5 
259, 84, 43, 107, 1, 10, 4 2 5 5 2 3 5 5 7 5 
259, 84, 43, 107, 1, 10, 4 2 5 5 2 3 5 5 7 5 
260, 78, 47, 103, 2, 11, 4 2 2 2 2 7 4 7 4 3 
261, 80, 44, 106, 1, 11, 4 2 2 2 2 7 4 7 4 3 
262, 77, 44, 106, 1, 11, 4 2 2 2 2 7 4 7 4 3 
263, 77, 42, 108, 1, 11, 4 2 2 2 2 7 4 7 4 3 
264, 78, 43, 107, 0, 11, 4 2 2 2 2 7 4 7 4 3 
265, 72, 47, 103, 0, 11, 4 2 2 2 2 7 4 7 4 3 
266, 77, 45, 105, 0, 11, 4 2 2 2 2 7 4 7 4 3 
267, 77, 45, 105, 0, 11, 4 2 2 2 2 7 4 7 4 3 
268, 84, 47, 103, 0, 11, 4 2 2 2 2 7 4 7 4 3 
269, 85, 49, 101, 2, 11, 4 2 2 2 2 7 4 7 4 3 
270, 87, 48, 102, 0, 11, 4 2 2 2 2 7 4 7 4 3 
271, 87, 45, 105, 0, 11, 4 2 2 2 2 7 4 7 4 3 
273, 86, 47, 103, 0, 11, 4 2 2 2 2 7 4 7 4 3 
273, 86, 47, 103, 0, 11, 4 2 2 2 2 7 4 7 4 3 
274, 85, 47, 103, 0, 11, 4 2 2 2 2 7 4 7 4 3 
275, 91, 47, 103, 1, 11, 4 2 2 2 2 7 4 7 4 3 
277, 90, 48, 102, 1, 11, 4 2 2 2 2 7 4 7 4 3 
277, 90, 48, 102, 1, 11, 4 2 2 2 2 7 4 7 4 3 
278, 86, 49, 101, 1, 11, 4 2 2 2 2 7 4 7 4 3 
279, 83, 52, 98, 1, 11, 4 2 2 2 2 7 4 7 4 3 
281, 83, 49, 101, 1, 11, 4 2 2 2 2 7 4 7 4 3 
281, 83, 49, 101, 1, 11, 4 2 2 2 2 7 4 7 4 3 
282, 84, 48, 102, 0, 11, 4 2 2 2 2 7 4 7 4 3 
283, 90, 49, 101, 1, 11, 4 2 2 2 2 7 4 7 4 3 
285, 95, 49, 101, 0, 11, 1 4 6 2 2 7 4 5 6 6 
285, 95, 49, 101, 0, 11, 1 4 6 2 2 7 4 5 6 6 
286, 96, 45, 105, 3, 11, 1 4 6 2 2 7 4 5 6 6 
288, 99, 37, 113, 0, 11, 1 4 6 2 2 7 4 5 6 6 
288, 99, 37, 113, 0, 11, 1 4 6 2 2 7 4 5 6 6 
289, 99, 40, 110, 0, 11, 4 2 2 2 2 7 4 7 4 3 
290, 98, 40, 110, 0, 11, 4 2 2 2 2 7 4 7 4 3 
292, 94, 39, 111, 0, 11, 4 2 2 2 2 7 4 7 4 3 
292, 94, 39, 111, 0, 11, 4 2 2 2 2 7 4 7 4 3 
293, 93, 35, 115, 1, 11, 4 2 2 2 2 7 4 7 4 3 
295, 91, 37, 113, 0, 11, 4 2 2 2 2 7 4 7 4 3 
296, 86, 41, 109, 0, 11, 4 2 2 2 2 7 4 7 4 3 
296, 86, 41, 109, 0, 11, 4 2 2 2 2 7 4 7 4 3 
297, 84, 49, 101, 0, 11, 4 2 2 2 2 7 4 7 4 3 
299, 81, 53, 97, 1, 11, 4 2 2 2 2 7 4 7 4 3 
299, 81, 53, 97, 1, 11, 4 2 2 2 2 7 4 7 4 3 
300, 84, 50, 100, 0, 11, 4 2 2 2 2 7 4 7 4 3 
302, 88, 44, 106, 1, 11, 4 2 2 2 2 7 4 7 4 3 
302, 88, 44, 106, 1, 11, 4 2 2 2 2 7 4 7 4 3 
303, 86, 42, 108, 2, 11, 4 2 2 2 2 7 4 7 4 3 
304, 88, 40, 110, 1, 11, 4 2 2 2 2 7 4 7 4 3 
306, 89, 43, 107, 2, 11, 6 0 2 5 4 2 6 5 2 6 
306, 89, 43, 107, 2, 11, 6 0 2 5 4 2 6 5 2 6 
307, 88, 41, 109, 1, 11, 4 2 2 2 2 7 4 7 4 3 
309, 91, 43, 107, 0, 11, 1 3 5 5 0 5 1 5 6 6 
309, 91, 43, 107, 0, 11, 1 3 5 5 0 5 1 5 6 6 
310, 89, 42, 108, 2, 11, 1 3 5 5 0 5 1 5 6 6 
310, 89, 42, 108, 2, 11, 1 3 5 5 0 5 1 5 6 6 
312, 90, 44, 106, 3, 11, 4 2 2 2 2 7 4 7 4 3 
313, 84, 43, 107, 0, 11, 4 2 2 2 2 7 4 7 4 3 
315, 90, 37, 113, 3, 11, 4 2 2 2 2 7 4 7 4 3 
315, 90, 37, 113, 3, 11, 4 2 2 2 2 7 4 7 4 3 
316, 88, 42, 108, 2, 11, 4 2 2 2 2 7 4 7 4 3 
318, 93, 42, 108, 1, 11, 4 2 2 2 2 7 4 7 4 3 
318, 93, 42, 108, 1, 11, 4 2 2 2 2 7 4 7 4 3 
319, 94, 37, 113, 0, 11, 4 2 2 2 2 7 4 7 4 3 
321, 85, 39, 111, 1, 11, 6 5 3 5 0 5 1 5 6 6 
321, 85, 39, 111, 1, 11, 6 5 3 5 0 5 1 5 6 6 
323, 88, 41, 109, 0, 10, 6 5 3 5 0 5 1 5 6 6 
323, 88, 41, 109, 0, 10, 6 5 3 5 0 5 1 5 6 6 
324, 91, 45, 105, 0, 10, 4 2 2 2 2 7 4 7 4 3 
326, 93, 45, 105, 0, 10, 4 2 2 2 2 7 4 7 4 3 
326, 93, 45, 105, 0, 10, 4 2 2 2 2 7 4 7 4 3 
328, 86, 42, 108, 1, 10, 4 2 2 2 2 7 4 7 4 3 
329, 83, 47, 103, 0, 11, 4 2 2 2 2 7 4 7 4 3 
329, 83, 47, 103, 0, 11, 4 2 2 2 2 7 4 7 4 3 
331, 78, 48, 102, 1, 11, 4 2 2 2 2 7 4 7 4 3 
331, 78, 48, 102, 1, 11, 4 2 2 2 2 7 4 7 4 3 
332, 74, 45, 105, 2, 11, 4 2 2 2 2 7 4 7 4 3 
334, 79, 42, 108, 0, 11, 4 4 4 5 0 5 1 5 6 6 
334, 79, 42, 108, 0, 11, 4 4 4 5 0 5 1 5 6 6 
336, 82, 43, 107, 0, 11, 4 4 4 5 0 5 1 5 6 6 
336, 82, 43, 107, 0, 11, 4 4 4 5 0 5 1 5 6 6 
337, 83, 44, 106, 0, 11, 4 4 4 5 0 5 1 5 6 6 
339, 81, 45, 105, 1, 11, 4 2 2 2 2 7 4 7 4 3 
339, 81, 45, 105, 1, 11, 4 2 2 2 2 7 4 7 4 3 
341, 78, 44, 106, 0, 11, 4 2 2 2 2 7 4 7 4 3 
341, 78, 44, 106, 0, 11, 4 2 2 2 2 7 4 7 4 3 
342, 79, 48, 102, 0, 11, 4 2 2 2 2 7 4 7 4 3 
344, 84, 43, 107, 0, 11, 7 5 4 5 0 5 1 5 6 6 
344, 84, 43, 107, 0, 11, 7 5 4 5 0 5 1 5 6 6 
346, 84, 44, 106, 0, 11, 7 5 4 5 0 5 1 5 6 6 
346, 84, 44, 106, 0, 11, 7 5 4 5 0 5 1 5 6 6 
347, 91, 41, 109, 1, 11, 7 5 4 5 0 5 1 5 6 6 
349, 95, 38, 112, 1, 11, 7 5 4 5 0 5 1 5 6 6 
349, 95, 38, 112, 1, 11, 7 5 4 5 0 5 1 5 6 6 
351, 93, 44, 106, 1, 11, 7 5 4 5 0 5 1 5 6 6 
351, 93, 44, 106, 1, 11, 7 5 4 5 0 5 1 5 6 6 
352, 95, 45, 105, 0, 11, 7 5 4 5 0 5 1 5 6 6 
354, 84, 43, 107, 0, 11, 7 5 4 5 0 5 1 5 6 6 
354, 84, 43, 107, 0, 11, 7 5 4 5 0 5 1 5 6 6 
356, 85, 40, 110, 1, 11, 7 5 4 5 0 5 1 5 6 6 
356, 85, 40, 110, 1, 11, 7 5 4 5 0 5 1 5 6 6 
357, 90, 45, 105, 0, 11, 7 5 4 5 0 5 1 5 6 6 
358, 87, 41, 109, 1, 11, 7 5 4 5 0 5 1 5 6 6 
359, 89, 45, 105, 1, 11, 7 5 4 5 0 5 1 5 6 6 
361, 85, 43, 107, 0, 11, 7 5 4 5 0 5 1 5 6 6 
361, 85, 43, 107, 0, 11, 7 5 4 5 0 5 1 5 6 6 
363, 85, 46, 104, 0, 11, 7 5 4 5 0 5 1 5 6 6 
363, 85, 46, 104, 0, 11, 7 5 4 5 0 5 1 5 6 6 
364, 86, 48, 102, 5, 11, 7 5 4 5 0 5 1 5 6 6 
366, 76, 49, 101, 6, 11, 1 1 3 5 4 7 4 7 4 3 
366, 76, 49, 101, 6, 11, 1 1 3 5 4 7 4 7 4 3 
368, 83, 45, 105, 0, 11, 1 1 3 5 4 7 4 7 4 3 
368, 83, 45, 105, 0, 11, 1 1 3 5 4 7 4 7 4 3 
370, 84, 43, 107, 3, 11, 7 5 4 5 0 5 1 5 6 6 
370, 84, 43, 107, 3, 11, 7 5 4 5 0 5 1 5 6 6 
372, 87, 45, 105, 0, 11, 7 5 4 5 0 5 1 5 6 6 
372, 87, 45, 105, 0, 11, 7 5 4 5 0 5 1 5 6 6 
373, 92, 47, 103, 1, 11, 7 5 4 5 0 5 1 5 6 6 
375, 95, 45, 105, 0, 11, 7 5 4 5 0 5 1 5 6 6 
375, 95, 45, 105, 0, 11, 7 5 4 5 0 5 1 5 6 6 
377, 90, 45, 105, 1, 11, 7 5 4 5 0 5 1 5 6 6 
377, 90, 45, 105, 1, 11, 7 5 4 5 0 5 1 5 6 6 
379, 92, 39, 111, 0, 11, 4 6 5 5 4 2 4 7 2 6 
379, 92, 39, 111, 0, 11, 4 6 5 5 4 2 4 7 2 6 
381, 86, 44, 106, 0, 11, 4 6 5 5 4 2 4 7 2 6 
381, 86, 44, 106, 0, 11, 4 6 5 5 4 2 4 7 2 6 
383, 78, 50, 100, 0, 11, 7 5 4 5 0 5 1 5 6 6 
383, 78, 50, 100, 0, 11, 7 5 4 5 0 5 1 5 6 6 
384, 74, 47, 103, 4, 11, 7 5 4 5 0 5 1 5 6 6 
385, 74, 48, 102, 0, 11, 7 5 4 5 0 5 1 5 6 6 
386, 71, 48, 102, 1, 11, 7 5 4 5 0 5 1 5 6 6 
388, 79, 51, 99, 1, 11, 7 5 4 5 0 5 1 5 6 6 
388, 79, 51, 99, 1, 11, 7 5 4 5 0 5 1 5 6 6 
390, 85, 50, 100, 1, 11, 7 5 4 5 0 5 1 5 6 6 
390, 85, 50, 100, 1, 11, 7 5 4 5 0 5 1 5 6 6 
392, 84, 45, 105, 2, 11, 4 4 4 5 0 5 1 5 6 6 
392, 84, 45, 105, 2, 11, 4 4 4 5 0 5 1 5 6 6 
394, 85, 42, 108, 4, 11, 4 4 4 5 0 5 1 5 6 6 
394, 85, 42, 108, 4, 11, 4 4 4 5 0 5 1 5 6 6 
396, 87, 46, 104, 0, 11, 4 4 4 5 0 5 1 5 6 6 
396, 87, 46, 104, 0, 11, 4 4 4 5 0 5 1 5 6 6 
398, 83, 48, 102, 2, 11, 4 4 4 5 0 5 1 5 6 6 
398, 83, 48, 102, 2, 11, 4 4 4 5 0 5 1 5 6 6 
399, 85, 49, 101, 2, 11, 4 4 4 5 0 5 1 5 6 6 
401, 87, 56, 94, 0, 11, 4 4 4 5 0 5 1 5 6 6 
401, 87, 56, 94, 0, 11, 4 4 4 5 0 5 1 5 6 6 
403, 77, 47, 103, 0, 11, 4 4 4 5 0 5 1 5 6 6 
403, 77, 47, 103, 0, 11, 4 4 4 5 0 5 1 5 6 6 
405, 72, 51, 99, 0, 11, 4 4 4 5 0 5 1 5 6 6 
405, 72, 51, 99, 0, 11, 4 4 4 5 0 5 1 5 6 6 
407, 80, 52, 98, 7, 11, 4 4 4 5 0 5 1 5 6 6 
407, 80, 52, 98, 7, 11, 4 4 4 5 0 5 1 5 6 6 
409, 90, 44, 106, 3, 11, 4 4 4 5 0 5 1 5 6 6 
409, 90, 44, 106, 3, 11, 4 4 4 5 0 5 1 5 6 6 
411, 84, 42, 108, 4, 11, 4 4 4 5 0 5 1 5 6 6 
411, 84, 42, 108, 4, 11, 4 4 4 5 0 5 1 5 6 6 
413, 88, 41, 109, 2, 11, 4 4 4 5 0 5 1 5 6 6 
413, 88, 41, 109, 2, 11, 4 4 4 5 0 5 1 5 6 6 
415, 89, 49, 101, 0, 11, 4 4 4 5 0 5 1 5 6 6 
415, 89, 49, 101, 0, 11, 4 4 4 5 0 5 1 5 6 6 
417, 87, 49, 101, 0, 11, 4 4 4 5 0 5 1 5 6 6 
417, 87, 49, 101, 0, 11, 4 4 4 5 0 5 1 5 6 6 
419, 89, 46, 104, 1, 11, 4 4 4 5 0 5 1 5 6 6 
419, 89, 46, 104, 1, 11, 4 4 4 5 0 5 1 5 6 6 
421, 89, 38, 112, 3, 11, 4 4 4 5 0 5 1 5 6 6 
421, 89, 38, 112, 3, 11, 4 4 4 5 0 5 1 5 6 6 
423, 86, 45, 105, 0, 11, 4 4 4 5 0 5 1 5 6 6 
423, 86, 45, 105, 0, 11, 4 4 4 5 0 5 1 5 6 6 
425, 77, 44, 106, 4, 11, 2 4 4 5 0 5 1 5 4 3 
425, 77, 44, 106, 4, 11, 2 4 4 5 0 5 1 5 4 3 
427, 82, 48, 102, 4, 11, 2 4 4 5 0 5 1 5 4 3 
427, 82, 48, 102, 4, 11, 2 4 4 5 0 5 1 5 4 3 
429, 77, 51, 99, 2, 11, 2 4 4 5 0 5 1 5 4 3 
429, 77, 51, 99, 2, 11, 2 4 4 5 0 5 1 5 4 3 
431, 72, 53, 97, 3, 11, 2 4 4 5 0 5 1 5 4 3 
431, 72, 53, 97, 3, 11, 2 4 4 5 0 5 1 5 4 3 
433, 75, 54, 96, 3, 11, 7 5 4 5 0 5 1 5 6 6 
433, 75, 54, 96, 3, 11, 7 5 4 5 0 5 1 5 6 6 
435, 77, 51, 99, 3, 11, 7 5 4 5 0 5 1 5 6 6 
435, 77, 51, 99, 3, 11, 7 5 4 5 0 5 1 5 6 6 
437, 85, 49, 101, 0, 11, 7 5 4 5 0 5 1 5 6 6 
437, 85, 49, 101, 0, 11, 7 5 4 5 0 5 1 5 6 6 
439, 92, 53, 97, 0, 11, 5 6 6 5 0 5 1 5 4 3 
439, 92, 53, 97, 0, 11, 5 6 6 5 0 5 1 5 4 3 
442, 88, 46, 104, 0, 11, 5 6 6 5 0 5 1 5 4 3 
442, 88, 46, 104, 0, 11, 5 6 6 5 0 5 1 5 4 3 
442, 88, 46, 104, 0, 11, 5 6 6 5 0 5 1 5 4 3 
444, 89, 46, 104, 1, 11, 6 4 6 5 0 5 1 5 4 3 
444, 89, 46, 104, 1, 11, 6 4 6 5 0 5 1 5 4 3 
446, 83, 44, 106, 0, 11, 7 2 7 5 0 5 1 5 2 6 
446, 83, 44, 106, 0, 11, 7 2 7 5 0 5 1 5 2 6 
448, 90, 41, 109, 0, 11, 1 6 3 5 0 5 1 5 4 3 
448, 90, 41, 109, 0, 11, 1 6 3 5 0 5 1 5 4 3 
450, 99, 43, 107, 0, 11, 1 6 3 5 0 5 1 5 4 3 
450, 99, 43, 107, 0, 11, 1 6 3 5 0 5 1 5 4 3 
452, 102, 44, 106, 0, 11, 7 2 7 5 0 5 1 5 2 6 
453, 100, 43, 107, 0, 11, 7 2 7 5 0 5 1 5 2 6 
453, 100, 43, 107, 0, 11, 7 2 7 5 0 5 1 5 2 6 
455, 91, 41, 109, 0, 11, 7 2 7 5 0 5 1 5 2 6 
455, 91, 41, 109, 0, 11, 7 2 7 5 0 5 1 5 2 6 
457, 84, 40, 110, 0, 11, 0 3 2 5 0 5 1 5 2 6 
457, 84, 40, 110, 0, 11, 0 3 2 5 0 5 1 5 2 6 
459, 84, 42, 108, 4, 11, 0 3 2 5 0 5 1 5 2 6 
459, 84, 42, 108, 4, 11, 0 3 2 5 0 5 1 5 2 6 
461, 91, 44, 106, 1, 11, 7 5 4 5 0 5 1 5 6 6 
461, 91, 44, 106, 1, 11, 7 5 4 5 0 5 1 5 6 6 
463, 91, 45, 105, 0, 11, 7 5 4 5 0 5 1 5 6 6 
463, 91, 45, 105, 0, 11, 7 5 4 5 0 5 1 5 6 6 
464, 87, 49, 101, 2, 11, 7 5 4 5 0 5 1 5 6 6 
466, 83, 51, 99, 4, 11, 7 5 4 5 0 5 1 5 6 6 
466, 83, 51, 99, 4, 11, 7 5 4 5 0 5 1 5 6 6 
468, 74, 53, 97, 0, 11, 7 5 4 5 0 5 1 5 6 6 
468, 74, 53, 97, 0, 11, 7 5 4 5 0 5 1 5 6 6 
470, 72, 50, 100, 1, 11, 7 5 4 5 0 5 1 5 6 6 
470, 72, 50, 100, 1, 11, 7 5 4 5 0 5 1 5 6 6 
472, 80, 53, 97, 1, 11, 5 1 7 5 0 5 1 5 4 3 
472, 80, 53, 97, 1, 11, 5 1 7 5 0 5 1 5 4 3 
473, 80, 52, 98, 1, 11, 5 1 7 5 0 5 1 5 4 3 
475, 82, 41, 109, 0, 11, 5 1 7 5 0 5 1 5 4 3 
475, 82, 41, 109, 0, 11, 5 1 7 5 0 5 1 5 4 3 
477, 92, 44, 106, 0, 11, 5 1 7 5 0 5 1 5 4 3 
477, 92, 44, 106, 0, 11, 5 1 7 5 0 5 1 5 4 3 
479, 100, 41, 109, 0, 11, 5 4 3 5 0 5 1 5 4 3 
479, 100, 41, 109, 0, 11, 5 4 3 5 0 5 1 5 4 3 
482, 90, 47, 103, 0, 11, 1 5 4 5 0 2 6 5 2 6 
482, 90, 47, 103, 0, 11, 1 5 4 5 0 2 6 5 2 6 
482, 90, 47, 103, 0, 11, 1 5 4 5 0 2 6 5 2 6 
484, 86, 45, 105, 0, 11, 7 5 4 5 0 5 1 5 6 6 
484, 86, 45, 105, 0, 11, 7 5 4 5 0 5 1 5 6 6 
486, 93, 44, 106, 0, 11, 7 5 4 5 0 5 1 5 6 6 
486, 93, 44, 106, 0, 11, 7 5 4 5 0 5 1 5 6 6 
489, 98, 40, 110, 0, 11, 4 6 7 5 0 5 1 5 4 3 
489, 98, 40, 110, 0, 11, 4 6 7 5 0 5 1 5 4 3 
489, 98, 40, 110, 0, 11, 4 6 7 5 0 5 1 5 4 3 
491, 93, 38, 112, 0, 11, 4 6 7 5 0 5 1 5 4 3 
491, 93, 38, 112, 0, 11, 4 6 7 5 0 5 1 5 4 3 
493, 91, 41, 109, 0, 11, 5 1 7 5 0 5 1 5 4 3 
493, 91, 41, 109, 0, 11, 5 1 7 5 0 5 1 5 4 3 
496, 88, 43, 107, 0, 11, 7 5 4 5 0 5 1 5 6 6 
496, 88, 43, 107, 0, 11, 7 5 4 5 0 5 1 5 6 6 
496, 88, 43, 107, 0, 11, 7 5 4 5 0 5 1 5 6 6 
498, 82, 36, 114, 0, 11, 7 1 7 5 0 5 1 5 2 6 
498, 82, 36, 114, 0, 11, 7 1 7 5 0 5 1 5 2 6 
501, 81, 40, 110, 2, 11, 6 3 3 5 0 5 1 5 6 6 
501, 81, 40, 110, 2, 11, 6 3 3 5 0 5 1 5 6 6 
501, 81, 40, 110, 2, 11, 6 3 3 5 0 5 1 5 6 6 
503, 69, 49, 101, 0, 11, 7 5 4 5 0 5 1 5 6 6 
503, 69, 49, 101, 0, 11, 7 5 4 5 0 5 1 5 6 6 
505, 72, 57, 93, 0, 11, 5 7 0 5 4 2 4 7 2 6 
505, 72, 57, 93, 0, 11, 5 7 0 5 4 2 4 7 2 6 
508, 86, 52, 98, 1, 11, 7 1 1 5 4 2 6 5 2 6 
508, 86, 52, 98, 1, 11, 7 1 1 5 4 2 6 5 2 6 
508, 86, 52, 98, 1, 11, 7 1 1 5 4 2 6 5 2 6 
510, 88, 49, 101, 0, 11, 7 1 1 5 4 2 6 5 2 6 
510, 88, 49, 101, 0, 11, 7 1 1 5 4 2 6 5 2 6 
513, 88, 47, 103, 0, 11, 7 1 1 5 4 2 6 5 2 6 
513, 88, 47, 103, 0, 11, 7 1 1 5 4 2 6 5 2 6 
513, 88, 47, 103, 0, 11, 7 1 1 5 4 2 6 5 2 6 
515, 98, 44, 106, 0, 11, 5 4 0 5 0 5 1 5 4 3 
515, 98, 44, 106, 0, 11, 5 4 0 5 0 5 1 5 4 3 
518, 105, 41, 109, 0, 11, 5 4 0 5 0 5 1 5 4 3 
518, 105, 41, 109, 0, 11, 5 4 0 5 0 5 1 5 4 3 
518, 105, 41, 109, 0, 11, 5 4 0 5 0 5 1 5 4 3 
520, 102, 40, 110, 0, 11, 7 2 7 5 0 5 1 5 2 6 
520, 102, 40, 110, 0, 11, 7 2 7 5 0 5 1 5 2 6 
523, 93, 43, 107, 0, 11, 7 1 1 5 4 2 6 5 2 6 
523, 93, 43, 107, 0, 11, 7 1 1 5 4 2 6 5 2 6 
523, 93, 43, 107, 0, 11, 7 1 1 5 4 2 6 5 2 6 
525, 93, 38, 112, 1, 11, 2 5 7 5 0 5 1 5 4 3 
525, 93, 38, 112, 1, 11, 2 5 7 5 0 5 1 5 4 3 
528, 85, 38, 112, 0, 11, 2 5 7 5 0 5 1 5 4 3 
528, 85, 38, 112, 0, 11, 2 5 7 5 0 5 1 5 4 3 
528, 85, 38, 112, 0, 11, 2 5 7 5 0 5 1 5 4 3 
530, 80, 44, 106, 4, 11, 2 5 7 5 0 5 1 5 4 3 
530, 80, 44, 106, 4, 11, 2 5 7 5 0 5 1 5 4 3 
533, 77, 44, 106, 9, 11, 5 2 4 5 0 5 1 5 4 3 
533, 77, 44, 106, 9, 11, 5 2 4 5 0 5 1 5 4 3 
533, 77, 44, 106, 9, 11, 5 2 4 5 0 5 1 5 4 3 
535, 83, 48, 102, 0, 11, 7 1 1 5 4 2 6 5 2 6 
535, 83, 48, 102, 0, 11, 7 1 1 5 4 2 6 5 2 6 
538, 82, 50, 100, 0, 11, 7 1 1 5 4 2 6 5 2 6 
538, 82, 50, 100, 0, 11, 7 1 1 5 4 2 6 5 2 6 
538, 82, 50, 100, 0, 11, 7 1 1 5 4 2 6 5 2 6 
541, 81, 45, 105, 0, 11, 7 1 1 5 4 2 6 5 2 6 
541, 81, 45, 105, 0, 11, 7 1 1 5 4 2 6 5 2 6 
541, 81, 45, 105, 0, 11, 7 1 1 5 4 2 6 5 2 6 
543, 89, 48, 102, 3, 11, 7 1 1 5 4 2 6 5 2 6 
543, 89, 48, 102, 3, 11, 7 1 1 5 4 2 6 5 2 6 
546, 96, 47, 103, 2, 11, 7 1 1 5 4 2 6 5 2 6 
546, 96, 47, 103, 2, 11, 7 1 1 5 4 2 6 5 2 6 
546, 96, 47, 103, 2, 11, 7 1 1 5 4 2 6 5 2 6 
548, 93, 43, 107, 0, 11, 7 1 1 5 4 2 6 5 2 6 
548, 93, 43, 107, 0, 11, 7 1 1 5 4 2 6 5 2 6 
551, 91, 38, 112, 1, 11, 7 1 1 5 4 2 6 5 2 6 
551, 91, 38, 112, 1, 11, 7 1 1 5 4 2 6 5 2 6 
551, 91, 38, 112, 1, 11, 7 1 1 5 4 2 6 5 2 6 
554, 90, 44, 106, 0, 11, 7 1 1 5 4 2 6 5 2 6 
554, 90, 44, 106, 0, 11, 7 1 1 5 4 2 6 5 2 6 
554, 90, 44, 106, 0, 11, 7 1 1 5 4 2 6 5 2 6 
556, 79, 43, 107, 0, 11, 7 1 1 5 4 2 6 5 2 6 
556, 79, 43, 107, 0, 11, 7 1 1 5 4 2 6 5 2 6 
559, 79, 43, 107, 0, 11, 7 1 1 5 4 2 6 5 2 6 
559, 79, 43, 107, 0, 11, 7 1 1 5 4 2 6 5 2 6 
559, 79, 43, 107, 0, 11, 7 1 1 5 4 2 6 5 2 6 
562, 85, 47, 103, 3, 11, 7 1 1 5 4 2 6 5 2 6 
562, 85, 47, 103, 3, 11, 7 1 1 5 4 2 6 5 2 6 
562, 85, 47, 103, 3, 11, 7 1 1 5 4 2 6 5 2 6 
564, 86, 42, 108, 1, 11, 7 1 1 5 4 2 6 5 2 6 
564, 86, 42, 108, 1, 11, 7 1 1 5 4 2 6 5 2 6 
567, 87, 43, 107, 1, 11, 7 1 1 5 4 2 6 5 2 6 
567, 87, 43, 107, 1, 11, 7 1 1 5 4 2 6 5 2 6 
567, 87, 43, 107, 1, 11, 7 1 1 5 4 2 6 5 2 6 
570, 92, 43, 107, 1, 11, 4 2 6 5 0 5 1 5 4 3 
570, 92, 43, 107, 1, 11, 4 2 6 5 0 5 1 5 4 3 
570, 92, 43, 107, 1, 11, 4 2 6 5 0 5 1 5 4 3 
572, 95, 42, 108, 1, 11, 4 2 6 5 0 5 1 5 4 3 
572, 95, 42, 108, 1, 11, 4 2 6 5 0 5 1 5 4 3 
575, 85, 41, 109, 1, 11, 7 1 1 5 4 2 6 5 2 6 
575, 85, 41, 109, 1, 11, 7 1 1 5 4 2 6 5 2 6 
575, 85, 41, 109, 1, 11, 7 1 1 5 4 2 6 5 2 6 
578, 84, 43, 107, 2, 11, 7 4 0 5 0 5 1 5 2 6 
578, 84, 43, 107, 2, 11, 7 4 0 5 0 5 1 5 2 6 
578, 84, 43, 107, 2, 11, 7 4 0 5 0 5 1 5 2 6 
581, 84, 44, 106, 4, 11, 5 3 0 5 0 5 1 5 2 6 
581, 84, 44, 106, 4, 11, 5 3 0 5 0 5 1 5 2 6 
581, 84, 44, 106, 4, 11, 5 3 0 5 0 5 1 5 2 6 
583, 82, 41, 109, 4, 11, 5 3 0 5 0 5 1 5 2 6 
584, 87, 43, 107, 1, 11, 5 3 0 5 0 5 1 5 2 6 
584, 87, 43, 107, 1, 11, 5 3 0 5 0 5 1 5 2 6 
586, 89, 44, 106, 0, 11, 2 0 7 5 0 5 1 5 4 3 
586, 89, 44, 106, 0, 11, 2 0 7 5 0 5 1 5 4 3 
589, 82, 42, 108, 1, 11, 2 0 7 5 0 5 1 5 4 3 
589, 82, 42, 108, 1, 11, 2 0 7 5 0 5 1 5 4 3 
589, 82, 42, 108, 1, 11, 2 0 7 5 0 5 1 5 4 3 
592, 84, 48, 102, 4, 11, 6 3 3 5 0 5 1 5 4 3 
592, 84, 48, 102, 4, 11, 6 3 3 5 0 5 1 5 4 3 
592, 84, 48, 102, 4, 11, 6 3 3 5 0 5 1 5 4 3 
595, 80, 49, 101, 1, 11, 0 2 1 5 0 5 1 5 2 6 
595, 80, 49, 101, 1, 11, 0 2 1 5 0 5 1 5 2 6 
595, 80, 49, 101, 1, 11, 0 2 1 5 0 5 1 5 2 6 
598, 84, 45, 105, 1, 11, 0 2 1 5 0 5 1 5 2 6 
598, 84, 45, 105, 1, 11, 0 2 1 5 0 5 1 5 2 6 
598, 84, 45, 105, 1, 11, 0 2 1 5 0 5 1 5 2 6 
601, 77, 45, 105, 0, 11, 6 3 3 5 0 5 1 5 4 3 
601, 77, 45, 105, 0, 11, 6 3 3 5 0 5 1 5 4 3 
601, 77, 45, 105, 0, 11, 6 3 3 5 0 5 1 5 4 3 
603, 79, 45, 105, 1, 11, 6 3 3 5 0 5 1 5 4 3 
603, 79, 45, 105, 1, 11, 6 3 3 5 0 5 1 5 4 3 
606, 84, 46, 104, 0, 11, 6 3 3 5 0 5 1 5 4 3 
606, 84, 46, 104, 0, 11, 6 3 3 5 0 5 1 5 4 3 
606, 84, 46, 104, 0, 11, 6 3 3 5 0 5 1 5 4 3 
609, 88, 42, 108, 0, 11, 5 3 6 5 0 5 1 5 4 3 
609, 88, 42, 108, 0, 11, 5 3 6 5 0 5 1 5 4 3 
609, 88, 42, 108, 0, 11, 5 3 6 5 0 5 1 5 4 3 
612, 80, 45, 105, 1, 11, 5 3 6 5 0 5 1 5 4 3 
612, 80, 45, 105, 1, 11, 5 3 6 5 0 5 1 5 4 3 
612, 80, 45, 105, 1, 11, 5 3 6 5 0 5 1 5 4 3 
615, 99, 36, 114, 1, 11, 5 3 6 5 0 5 1 5 4 3 
615, 99, 36, 114, 1, 11, 5 3 6 5 0 5 1 5 4 3 
615, 99, 36, 114, 1, 11, 5 3 6 5 0 5 1 5 4 3 
618, 104, 35, 115, 0, 11, 6 0 3 5 0 5 1 5 4 3 
618, 104, 35, 115, 0, 11, 6 0 3 5 0 5 1 5 4 3 
618, 104, 35, 115, 0, 11, 6 0 3 5 0 5 1 5 4 3 
621, 96, 34, 116, 2, 11, 5 7 5 5 0 5 1 5 2 6 
621, 96, 34, 116, 2, 11, 5 7 5 5 0 5 1 5 2 6 
621, 96, 34, 116, 2, 11, 5 7 5 5 0 5 1 5 2 6 
624, 90, 40, 110, 1, 11, 5 0 6 5 0 5 1 5 4 3 
624, 90, 40, 110, 1, 11, 5 0 6 5 0 5 1 5 4 3 
624, 90, 40, 110, 1, 11, 5 0 6 5 0 5 1 5 4 3 
627, 92, 36, 114, 0, 11, 3 3 5 5 0 5 1 5 4 3 
627, 92, 36, 114, 0, 11, 3 3 5 5 0 5 1 5 4 3 
627, 92, 36, 114, 0, 11, 3 3 5 5 0 5 1 5 4 3 
630, 96, 41, 109, 0, 11, 4 2 6 5 0 5 1 5 4 3 
630, 96, 41, 109, 0, 11, 4 2 6 5 0 5 1 5 4 3 
630, 96, 41, 109, 0, 11, 4 2 6 5 0 5 1 5 4 3 
633, 88, 42, 108, 2, 11, 3 3 5 5 0 5 1 5 4 3 
633, 88, 42, 108, 2, 11, 3 3 5 5 0 5 1 5 4 3 
633, 88, 42, 108, 2, 11, 3 3 5 5 0 5 1 5 4 3 
636, 88, 48, 102, 0, 11, 4 4 3 5 0 5 1 5 4 3 
636, 88, 48, 102, 0, 11, 4 4 3 5 0 5 1 5 4 3 
636, 88, 48, 102, 0, 11, 4 4 3 5 0 5 1 5 4 3 
639, 75, 42, 108, 1, 11, 4 1 1 5 0 5 1 5 4 3 
639, 75, 42, 108, 1, 11, 4 1 1 5 0 5 1 5 4 3 
639, 75, 42, 108, 1, 11, 4 1 1 5 0 5 1 5 4 3 
642, 79, 45, 105, 8, 11, 3 3 3 5 0 5 1 5 4 3 
642, 79, 45, 105, 8, 11, 3 3 3 5 0 5 1 5 4 3 
642, 79, 45, 105, 8, 11, 3 3 3 5 0 5 1 5 4 3 
645, 83, 44, 106, 1, 11, 3 3 3 5 0 5 1 5 4 3 
645, 83, 44, 106, 1, 11, 3 3 3 5 0 5 1 5 4 3 
646, 83, 42, 108, 1, 11, 3 3 3 5 0 5 1 5 4 3 
649, 83, 45, 105, 1, 11, 1 2 0 5 0 5 1 5 4 3 
649, 83, 45, 105, 1, 11, 1 2 0 5 0 5 1 5 4 3 
649, 83, 45, 105, 1, 11, 1 2 0 5 0 5 1 5 4 3 
649, 83, 45, 105, 1, 11, 1 2 0 5 0 5 1 5 4 3 
652, 83, 42, 108, 0, 11, 1 2 0 5 0 5 1 5 4 3 
652, 83, 42, 108, 0, 11, 1 2 0 5 0 5 1 5 4 3 
652, 83, 42, 108, 0, 11, 1 2 0 5 0 5 1 5 4 3 
655, 98, 40, 110, 0, 11, 1 2 0 5 0 5 1 5 4 3 
655, 98, 40, 110, 0, 11, 1 2 0 5 0 5 1 5 4 3 
655, 98, 40, 110, 0, 11, 1 2 0 5 0 5 1 5 4 3 
658, 101, 39, 111, 1, 11, 0 1 6 5 0 5 1 5 4 3 
658, 101, 39, 111, 1, 11, 0 1 6 5 0 5 1 5 4 3 
658, 101, 39, 111, 1, 11, 0 1 6 5 0 5 1 5 4 3 
661, 93, 41, 109, 0, 11, 6 0 1 5 0 5 1 5 4 3 
661, 93, 41, 109, 0, 11, 6 0 1 5 0 5 1 5 4 3 
661, 93, 41, 109, 0, 11, 6 0 1 5 0 5 1 5 4 3 
664, 84, 39, 111, 1, 11, 6 0 1 5 0 5 1 5 4 3 
664, 84, 39, 111, 1, 11, 6 0 1 5 0 5 1 5 4 3 
664, 84, 39, 111, 1, 11, 6 0 1 5 0 5 1 5 4 3 
668, 83, 44, 106, 1, 11, 6 0 1 5 0 5 1 5 4 3 
668, 83, 44, 106, 1, 11, 6 0 1 5 0 5 1 5 4 3 
668, 83, 44, 106, 1, 11, 6 0 1 5 0 5 1 5 4 3 
668, 83, 44, 106, 1, 11, 6 0 1 5 0 5 1 5 4 3 
671, 88, 45, 105, 0, 11, 7 0 3 5 0 5 1 5 2 6 
671, 88, 45, 105, 0, 11, 7 0 3 5 0 5 1 5 2 6 
671, 88, 45, 105, 0, 11, 7 0 3 5 0 5 1 5 2 6 
674, 91, 41, 109, 0, 11, 7 4 7 5 0 5 1 5 4 3 
674, 91, 41, 109, 0, 11, 7 4 7 5 0 5 1 5 4 3 
674, 91, 41, 109, 0, 11, 7 4 7 5 0 5 1 5 4 3 
677, 93, 43, 107, 0, 11, 7 4 7 5 0 5 1 5 4 3 
677, 93, 43, 107, 0, 11, 7 4 7 5 0 5 1 5 4 3 
677, 93, 43, 107, 0, 11, 7 4 7 5 0 5 1 5 4 3 
680, 90, 46, 104, 0, 11, 5 3 6 5 0 5 1 5 4 3 
681, 89, 44, 106, 0, 11, 5 3 0 5 0 5 1 5 2 6 
681, 89, 44, 106, 0, 11, 5 3 0 5 0 5 1 5 2 6 
681, 89, 44, 106, 0, 11, 5 3 0 5 0 5 1 5 2 6 
684, 90, 45, 105, 1, 11, 0 1 7 5 0 5 1 5 4 3 
684, 90, 45, 105, 1, 11, 0 1 7 5 0 5 1 5 4 3 
684, 90, 45, 105, 1, 11, 0 1 7 5 0 5 1 5 4 3 
687, 94, 46, 104, 0, 11, 5 0 5 5 0 5 1 5 2 6 
687, 94, 46, 104, 0, 11, 5 0 5 5 0 5 1 5 2 6 
687, 94, 46, 104, 0, 11, 5 0 5 5 0 5 1 5 2 6 
690, 90, 44, 106, 1, 11, 5 0 5 5 0 5 1 5 2 6 
690, 90, 44, 106, 1, 11, 5 0 5 5 0 5 1 5 2 6 
690, 90, 44, 106, 1, 11, 5 0 5 5 0 5 1 5 2 6 
694, 79, 46, 104, 0, 11, 5 0 5 5 0 5 1 5 2 6 
694, 79, 46, 104, 0, 11, 5 0 5 5 0 5 1 5 2 6 
694, 79, 46, 104, 0, 11, 5 0 5 5 0 5 1 5 2 6 
694, 79, 46, 104, 0, 11, 5 0 5 5 0 5 1 5 2 6 
697, 92, 47, 103, 0, 11, 5 0 5 5 0 5 1 5 2 6 
697, 92, 47, 103, 0, 11, 5 0 5 5 0 5 1 5 2 6 
697, 92, 47, 103, 0, 11, 5 0 5 5 0 5 1 5 2 6 
700, 90, 46, 104, 0, 11, 5 0 5 5 0 5 1 5 2 6 
700, 90, 46, 104, 0, 11, 5 0 5 5 0 5 1 5 2 6 
700, 90, 46, 104, 0, 11, 5 0 5 5 0 5 1 5 2 6 
704, 77, 45, 105, 0, 11, 6 1 2 5 0 5 1 5 4 3 
704, 77, 45, 105, 0, 11, 6 1 2 5 0 5 1 5 4 3 
704, 77, 45, 105, 0, 11, 6 1 2 5 0 5 1 5 4 3 
704, 77, 45, 105, 0, 11, 6 1 2 5 0 5 1 5 4 3 
707, 74, 50, 100, 0, 11, 5 5 3 5 0 5 1 5 2 6 
707, 74, 50, 100, 0, 11, 5 5 3 5 0 5 1 5 2 6 
707, 74, 50, 100, 0, 11, 5 5 3 5 0 5 1 5 2 6 
710, 73, 53, 97, 0, 11, 5 5 3 5 0 5 1 5 2 6 
710, 73, 53, 97, 0, 11, 5 5 3 5 0 5 1 5 2 6 
710, 73, 53, 97, 0, 11, 5 5 3 5 0 5 1 5 2 6 
711, 75, 52, 98, 4, 11, 5 5 3 5 0 5 1 5 2 6 
714, 80, 50, 100, 1, 11, 1 4 5 5 0 5 1 5 4 3 
714, 80, 50, 100, 1, 11, 1 4 5 5 0 5 1 5 4 3 
714, 80, 50, 100, 1, 11, 1 4 5 5 0 5 1 5 4 3 
717, 86, 44, 106, 0, 11, 1 4 5 5 0 5 1 5 4 3 
717, 86, 44, 1